985
1949 20
24096 18968 82966 71256 98832 52845 2883 63589 5658 7767 96757 99572 99686 77607 75188 21318 29512 46254 41367 1416
1634 15
75776 5282 2981 36241 90605 69902 34392 18305 15323 87092 24468 48779 774 57740 42058
8617 14
27336 12078 70208 80572 65001 89450 56222 27070 53656 58113 96366 24555 73616 62826
115 10
76397 58775 15264 96238 44635 99249 50746 55235 5443 60419
1864 14
30623 34568 78112 35086 80808 46864 18625 94551 54703 96511 52248 22717 43957 33943
4758 20
41803 61417 26076 4552 94218 63986 71749 2686 74497 91216 47525 54287 2051 37923 92408 33654 24709 23928 99010 84347
6897 19
56907 95402 83304 28038 71074 14860 10856 3932 87937 54263 6564 43423 14925 48793 75602 16476 73295 54084 37550
3953 18
5704 78057 66720 51407 54495 88667 95826 11603 32155 95955 64015 64680 38261 15550 80813 28280 19290 8169
7989 14
22925 6800 31099 46874 12877 34694 46347 25304 39418 86559 92114 95793 33147 4181
2882 12
16292 6626 34082 78934 24478 34255 48828 54090 7897 83698 130 65860
1356 20
83283 52190 15920 73445 49706 77787 89796 40507 56979 61543 74453 1718 98328 70779 66975 63860 57786 7850 74656 13975
7709 19
99195 24499 28069 69407 9816 71892 58854 6194 78733 23021 56021 67654 91415 53259 88615 70512 80735 37972 17174
5134 15
91032 93992 97031 41345 78271 77120 73307 68890 41570 6727 98153 79664 97582 10421 62796
8738 17
34438 20614 68221 1081 46844 42857 89237 2052 92795 33701 88550 485 69069 47390 10840 36519 41936
1476 17
47921 36162 67602 57158 72019 80283 96318 81097 86219 75901 67690 71712 97603 1961 97715 19419 62389
198 13
36870 79943 3333 11316 19029 46140 9872 42091 40934 37953 86139 64023 38878
1530 14
44736 43215 85278 16446 65988 76946 78511 24878 43963 93707 68494 86278 26468 56371
5104 10
61992 89429 26058 78500 15796 37333 88839 83748 75484 64858
18 14
52395 75224 35169 98878 80302 64396 52255 56601 55842 73308 69057 29586 74997 74125
500 18
57125 91652 66310 83347 58655 98148 78037 25274 65414 62468 99206 71608 23993 53816 94222 22226 22260 98225
1550 17
68279 46278 27391 39689 95024 9830 53781 32205 76247 33528 55633 96794 40400 94711 18735 3571 38858
9772 17
45682 52743 10161 77264 41179 10639 18994 71956 39849 1331 12919 34725 70656 95372 90925 20394 63725
6241 18
40462 36531 42960 25240 54471 21600 74814 40351 66575 48146 12416 61451 13562 66639 98014 31889 86442 88617
5523 19
74547 82572 20012 37009 89131 33580 80571 36834 40020 44354 48363 65454 67081 31078 64293 17531 95018 31675 18711
4705 17
37941 9691 19051 51664 92431 71928 26982 33664 24661 95102 66365 29112 15961 28939 58350 46654 27498
53 11
19871 45897 2478 60488 1061 70968 67042 56156 61098 42293 27198
1760 10
5901 39132 49620 14830 22422 40929 58487 82880 46805 28953
2297 17
32352 98491 19238 67018 61759 74118 54343 20451 72402 48161 5511 6718 42504 70960 26037 34902 44219
7327 17
97546 91198 10089 2444 91892 66385 50738 80916 62968 5377 72011 85856 7209 89861 69788 23059 56397
4871 19
920 12492 79041 29616 42134 10014 2030 11543 55914 58146 68337 17652 50357 83073 98377 18945 17164 66996 72701
6550 19
94970 97138 10051 35700 31067 49892 65313 11530 97857 7958 93066 63103 12759 33058 80912 57286 85050 57527 16395
8384 19
29310 76168 27699 71023 79781 90223 84313 24067 67329 15212 84933 67804 45614 54344 4986 69826 34713 81966 89482
2144 12
7776 62673 39234 65933 40437 18220 2623 37470 36485 59023 83373 8888
7021 16
8126 69638 66024 19902 71524 34954 71094 39880 15673 84776 65056 14586 93967 58903 78444 86633
4704 11
88817 45187 66137 47679 26048 79826 96939 11965 53376 46492 14343
1659 14
6279 53843 75181 66551 60276 19804 50300 56181 17025 42808 55938 76475 35568 43695
2110 14
24868 61289 1347 39568 34012 21009 59501 33033 89707 86964 76856 26358 51188 91268
2942 15
98932 81564 73004 90045 69898 19722 39100 23015 82493 25245 86813 6497 62440 54930 5417
2754 18
98693 4700 71756 52108 65435 63882 64367 86571 64840 60594 64036 51675 69218 81834 65303 35310 70011 47424
7360 10
11512 42389 3876 26904 50678 48561 23450 99682 33085 93449
1229 14
79616 90096 42863 89893 69387 11794 11142 52749 50904 8896 76472 60936 79141 63469
8388 16
7524 92996 60592 57484 65980 93028 47698 73436 5630 93683 25618 55489 40309 693 70556 97776
2359 15
9508 55889 14067 60259 78319 30503 98686 63497 83803 19053 20678 28632 12451 52615 85810
1559 13
48838 83093 90715 51878 52328 13735 44809 57844 91615 49428 21448 94008 32310
650 14
88226 4701 26135 68353 59551 78483 50898 68345 60100 18275 44740 61008 33694 78383
555 16
28172 79265 57518 37310 22635 29340 29929 67932 11256 35007 81758 83947 13054 26049 52206 52560
7511 14
16503 31358 7833 33910 61640 75046 76480 59683 60278 56141 8434 86698 71537 77109
1045 20
17105 25087 20595 95978 77344 63622 90560 21886 41485 54028 20566 44114 43439 87873 56316 91949 29992 39892 38313 49560
4193 12
82470 16068 8596 51587 29869 52011 58278 97482 99564 34675 49397 24403
416 17
27052 96196 71411 80870 58698 61397 57140 78548 10280 82929 19674 84065 97542 348 1508 34561 85782
4386 20
55589 76411 81146 63486 27770 25605 55159 51559 8144 74910 53983 20278 58984 1441 41768 41057 51286 70149 2757 50686
7193 18
57697 88975 59092 69087 45085 92266 69289 71752 85721 21857 59466 87526 81187 84847 82055 28134 39397 53826
2649 18
65016 36095 30444 15504 94495 20529 75931 83208 31418 77190 74543 64616 65920 52392 95589 23181 8556 17479
8758 16
13373 66675 45583 57507 17985 18403 74958 51760 95727 5445 88026 60299 49244 24925 68057 36492
8181 18
82963 39996 15098 76450 45999 80560 83126 49564 34337 7259 52171 23141 74272 59532 29408 37489 56597 40430
8728 19
71936 35203 33260 69082 65433 50050 87702 32405 56671 10134 74374 73194 74978 35881 72584 47730 18116 81479 15654
3428 20
612 47401 28439 69864 36727 51354 44929 88298 49856 97430 49358 71379 56796 53296 25787 94797 87468 63123 39161 61709
7281 18
4425 53518 35664 83800 8971 33026 20628 12771 39968 64213 88047 87511 27077 15340 74003 3009 92440 26693
627 20
74570 6016 49106 41993 94802 39432 20137 76493 13907 46427 61874 92874 60226 60962 18989 17668 47618 75802 52170 38799
8279 11
63029 73237 11213 96414 98543 32039 43322 79437 63624 82502 24737
9128 17
26264 20291 77778 14032 6199 22056 76510 59735 41170 48531 56152 90595 43449 6763 88368 76763 66290
897 16
3370 19537 89915 44446 35768 30177 90241 31964 62212 6362 43187 92813 64407 13632 85252 71146
6441 16
69323 30909 78139 89384 5683 2647 32392 48752 68267 9868 88836 85948 74361 34475 25434 72742
6644 20
89990 62465 5281 47332 52990 87633 79918 60249 35676 34217 91504 2164 10816 32722 59710 43182 39066 67532 73905 34688
9255 14
80757 17705 54473 12490 14871 40739 1875 29485 19731 33025 69499 87929 10121 82545
8981 10
73258 36381 15079 52999 53912 87611 11981 89217 68881 92873
4395 20
66605 93942 77725 91034 9978 90725 91851 84928 93784 48010 82899 80554 14023 68609 78663 12772 94303 69050 97933 19596
3919 11
90734 1184 21917 40245 66590 94347 4461 89941 15819 56056 69802
1023 14
9084 94739 10828 85591 97098 27354 97587 89160 61112 55186 83452 99039 43370 30515
4138 19
7028 92204 45568 17444 74424 68663 55497 97831 57207 16048 41421 45495 34073 96595 37046 67693 59332 57000 6958
2346 11
90784 3616 22001 38852 62638 23022 5214 75265 33916 90132 2355
661 20
48941 87312 32402 83190 46618 77606 50977 25973 15297 26557 49350 31489 55860 41272 44823 15973 86001 9112 5110 66405
7819 20
47416 71839 45905 88097 42215 89224 58796 8183 21414 86747 20549 60221 53006 39170 32704 86604 1367 37514 85469 58040
8530 20
11503 81373 87719 5892 26138 53582 59089 88957 32631 2304 20859 16064 42760 19448 98024 99723 22968 96213 27044 82458
4709 15
47659 2950 48454 95146 2618 5092 99015 23260 21958 22896 56521 83375 32335 17018 99818
177 17
56212 95196 74013 79625 32108 58466 68856 24856 38787 859 58838 63728 41033 86060 56541 45612 722
1201 20
78818 16196 58677 48464 28933 91106 33588 99331 63192 4850 34078 8851 93111 8585 6471 84256 26759 66837 33482 99899
667 15
6535 49708 28636 42870 65505 84084 1529 37390 6330 92353 76211 6328 4430 42355 85898
5804 17
94485 99751 90819 91571 51893 4467 68128 41712 8105 22763 48473 62136 8102 62289 5917 30618 34521
8422 11
49918 27526 65703 70695 73609 1290 62578 17780 32319 71702 27225
5348 18
2519 30289 22038 37958 21795 43951 27669 16521 30371 60666 44592 63951 6144 42335 75228 92159 70428 9820
8696 19
35619 45104 44776 86267 17085 89554 87902 38304 24855 77630 82092 78115 2284 82577 94634 66416 42488 5076 65791
9829 18
56041 83501 86822 88487 64120 77453 20136 75869 3990 21391 97558 32779 67231 1070 11205 47315 51779 70861
2651 17
87520 40436 7277 69343 6709 84919 33345 15485 51735 90615 34930 303 66504 87639 35995 98402 89695
1549 11
52239 47431 78457 39536 92602 36648 5245 52007 61854 98461 25013
2137 20
70379 37854 56949 23621 64790 14704 4572 44632 36726 75376 26245 46404 93795 56775 24477 75016 88626 23019 70737 16397
9918 10
63551 71772 47523 14457 27484 83949 61821 79933 49584 31825
2394 19
47576 34607 94214 40639 96142 36757 83514 1998 63799 25967 43263 95029 73569 6758 20575 12871 36193 9796 29201
8149 10
16863 79950 87508 71560 59349 39297 11281 46288 42728 88199
6960 15
6247 71899 54459 19748 38352 10844 72698 99689 50433 14405 67911 82588 69862 36781 61486
92 10
73669 87154 33545 20672 9131 37274 57354 42710 23932 76538
3877 13
56436 96445 78695 10917 99715 99109 63049 51413 73025 49300 93138 71269 15317
1283 17
78912 89194 18163 65797 29280 99157 21454 30634 38825 18667 43971 61184 34956 96458 87663 50561 9751
8931 20
44975 73422 46470 5681 56908 78860 19568 95780 30542 85129 9389 68618 14462 48430 99045 14270 73278 51296 64479 79669
1448 14
89811 53233 91418 45379 95566 14370 97191 46160 88725 92889 88507 45990 61385 52876
2939 19
15294 83578 71221 60020 34818 48044 49061 44832 86735 92297 94255 58811 21792 20079 38351 45175 11719 82135 43139
4277 16
1840 87780 43436 34590 50526 21120 59812 76239 41002 93834 43504 46843 76576 99806 88908 15890
2830 18
73779 43765 27169 2816 85802 50999 24754 93477 11521 52506 81508 66058 69904 17347 2023 22923 62515 65030
9855 20
60258 74200 83257 45533 55738 34698 84226 89198 14014 94033 64392 21342 79077 31629 2999 56073 18568 51479 24583 69233
5020 12
72364 56306 61717 28296 24078 84053 23908 97385 71679 34753 70976 11335
479 13
65438 31568 15780 13011 90023 95650 70053 77731 9176 95716 4191 98692 15992
9080 15
62283 62624 88381 36678 10837 22636 82772 71727 61045 50566 65491 25423 34134 95328 27874
399 11
5660 36203 59660 55849 58319 86560 72616 44405 92949 16700 83483
7791 18
23942 27113 54133 35109 83007 41427 75810 87331 49959 81321 87958 48237 26638 84014 32187 91641 81874 93181
8226 18
55921 97687 63151 39877 1389 80110 32452 91670 94548 39729 67199 23282 89734 64000 62583 32778 42020 1636
5707 18
77110 55450 94206 85162 73003 64178 76052 46879 82908 45800 24447 88993 1421 29307 52522 69918 49598 10591
8490 14
12447 70466 48919 72199 50163 75442 52199 82276 6067 6575 74268 5462 1738 11887
9447 20
38493 70663 38593 673 76262 410 89681 38320 34612 76725 33653 90735 98621 61857 42871 20351 83518 38150 14339 63821
1737 17
11483 75184 75599 7055 24216 41108 1912 35667 75169 18610 63090 10209 39513 96574 74518 28258 7610
5339 19
74857 8649 63380 97317 93773 61805 72427 57668 56296 82022 11166 58639 40789 57166 68007 42866 21895 58878 12125
6754 12
48874 16462 73946 69574 57188 6136 64971 54195 47046 9716 60674 38055
7201 19
75421 1870 46664 33173 97303 98275 95419 7886 71207 2668 71365 81726 17893 5891 54759 23777 22662 76802 38846
1349 19
28366 22375 94002 45850 11511 19353 74174 82237 75381 17539 56202 42110 32056 50069 8164 86640 63894 44508 75694
1161 11
41509 24904 17614 57095 31630 50715 45754 83258 35684 47289 6615
5724 19
83428 63547 24578 72830 21401 8025 43701 12844 3319 16663 13122 89956 53478 4331 91251 9003 93722 19536 64761
4460 17
76084 82131 56836 43208 51201 95798 36327 54694 35789 42973 12804 69675 21702 98425 25169 8319 96436
2722 14
22626 30535 63545 91360 58239 98911 75712 85352 91586 72772 2495 75932 68648 63596
752 16
30917 12133 28446 16350 55619 93744 18064 61302 70551 31700 72792 39254 81483 26416 43031 91548
7445 10
54006 15917 34472 19351 80365 80625 85554 84320 15716 33977
4059 10
95569 62569 88056 12229 19054 3166 23918 50230 86716 36425
2610 20
1382 65479 61304 49113 77032 48043 39325 89240 66708 4174 7820 74761 25060 53356 30494 52297 11071 10458 48745 71113
5851 20
8445 79965 3982 23556 21720 87530 56563 30381 12513 17291 95728 45502 85653 3163 21555 35601 99002 21719 50129 16980
6997 16
89931 98688 78792 5905 19589 40161 29304 15745 17992 87668 28159 789 87233 72751 15852 66150
8691 20
48126 46058 1012 33992 55052 80049 35565 87419 18437 15480 78477 20152 50247 78715 55714 29434 85175 15371 11153 59290
6129 12
76567 10774 18743 21030 92605 85677 14224 43174 88971 65399 60913 95606
1296 11
80466 19174 88340 88752 28937 9005 26826 95303 84642 45191 95991
7914 14
57089 74671 81934 97637 1456 96940 44292 66882 49133 46977 74167 16138 59744 21151
3876 17
61517 83254 30773 48541 39365 82329 39322 60734 96222 80512 61376 74294 41615 32338 68830 8714 35264
2380 12
11146 42369 37395 29106 12664 65802 90457 11550 83028 6118 96137 75099
1800 10
62554 51532 24025 29997 39404 31341 97417 88329 37546 81760
7491 18
32661 60681 24104 14389 29611 21049 39743 67568 89044 70505 75423 25513 39338 6316 43424 48935 8221 69142
4604 12
82423 12035 96775 63847 97600 2724 98772 43924 39649 41997 15376 5038
111 14
70445 1692 38153 55457 20320 15253 61427 1559 40466 79430 45472 8792 78382 97759
6953 16
4460 44169 71259 13413 40597 2391 45821 54548 6931 67642 46259 29728 66523 84887 52169 46501
4112 17
572 27645 65305 35584 7423 49884 67144 30218 88453 95395 72854 20577 8516 8967 68058 46917 13957
4893 12
28005 30989 75560 30105 93129 56984 77511 45773 96674 37160 4774 29853
5107 9
26124 16207 99782 89436 71935 42282 90546 25261 74495
5971 18
29132 22135 38344 22971 30555 74513 36326 83747 37400 48281 70249 29902 46878 26586 59170 89985 17058 33269
1351 11
89302 21165 47154 31055 36187 28930 19843 91501 59813 2942 36129
9218 11
71906 23172 41448 8590 70639 27311 24201 68963 35538 89612 50339
3963 14
2032 40951 9198 77271 14372 46136 44899 40175 5135 8815 85557 84695 86171 38634
3698 10
91786 32312 3504 64709 18098 68347 32386 8503 29770 24081
7555 11
80645 59433 9913 34991 98853 49271 33388 28735 93960 62262 31057
6636 15
42641 997 71874 5454 54092 97223 34089 1816 60066 95361 75695 47875 47982 88953 32592
3216 11
81216 74598 74588 70762 20333 21563 14944 79179 9436 72361 66583
2047 19
31450 16869 65400 85450 16253 81296 28650 75276 7932 37522 5708 956 80520 75223 44463 19298 94556 29083 10296
9610 16
26024 15889 72458 10310 80133 73708 51124 99410 59639 7226 82028 46899 81281 94445 8256 61799
9097 17
9902 9544 68480 96626 79677 98423 66826 95707 3683 30544 69480 94747 3785 16676 70185 19818 85560
4813 20
53605 80961 33887 79227 94508 92336 33141 80938 1619 4381 44893 81110 48889 56513 40613 80023 46409 61968 4925 70504
5311 17
88308 47594 27 85283 52285 82953 37385 75001 71301 41168 81510 56186 66267 5980 26765 40337 31674
7302 13
69412 98405 76795 91896 53737 74549 37237 18178 15124 95949 24210 90996 4551
6218 16
28704 99660 71790 9772 18018 21458 11167 26004 97296 70536 66609 93996 36207 78879 52549 90010
1348 17
19371 53262 13098 39422 90465 58518 6111 27379 41574 65834 10838 56091 90943 73329 9142 55706 81953
122 9
89613 22078 37843 98090 47800 78834 12344 13385 55902
6342 18
92024 83420 56610 14438 78035 17891 21926 72245 32670 7859 54197 66637 69395 9810 92418 82294 55491 15146
3124 14
99244 31431 99456 1683 57835 79809 42065 11593 4303 89360 88888 45851 24803 7441
7438 20
92491 76815 43162 1137 35463 42865 51686 50938 85581 86426 68645 50115 74677 29776 82920 7093 59314 89848 39760 60101
7082 16
2181 37230 63965 37049 46328 88246 88527 45299 59740 41559 81778 93390 7754 32038 48063 44944
4803 14
38697 93237 88996 10540 25838 42472 64724 82890 31486 10665 4008 88501 81947 54173
6871 20
40071 599 47629 87851 67662 31515 12282 59306 42836 75548 36149 80127 74615 74736 16615 59246 66013 21581 39044 13601
3991 19
13418 76039 74394 60091 84748 965 19820 53412 20429 90156 47613 18276 14943 89303 14661 49440 63001 46311 59533
2017 17
20243 5622 94563 97604 74179 75426 76967 3036 29367 17264 23740 62087 67785 57327 59125 8443 14595
9100 16
40503 79050 41747 67500 72373 1905 11852 59863 53450 58793 26345 14179 24333 48829 6610 28665
3612 10
12164 75570 74097 94125 16598 22854 26970 15834 60652 25134
969 14
11375 16352 3560 94144 29407 51351 77890 36205 64681 38137 24281 90538 7644 4938
6446 19
26401 15900 97353 66792 68545 68205 46530 53448 69144 36923 35735 27618 83774 98393 35871 99013 78839 10142 58291
3720 16
70147 39381 46806 19264 60814 32015 63846 94835 35343 11291 84943 31747 47043 85826 73304 41114
4951 20
60464 83976 54317 96872 60946 68640 17168 17051 47056 80866 4648 94786 99435 84586 28703 9077 81802 97325 58531 79988
4626 16
40041 93171 5871 59185 72668 43299 47208 61425 5799 55430 41373 31619 76669 47575 12639 27547
5064 17
58186 1436 904 23729 76181 45071 36767 31266 55912 84578 92927 43448 51920 14305 57941 56560 65751
2714 14
88095 16027 243 38324 20559 30171 61915 26672 18199 88007 77069 4870 1865 52974
1567 16
4065 40911 2279 11997 96641 45013 1703 81452 66855 1962 80511 7603 14983 10185 59192 41478
7956 16
23650 83790 34990 86621 25103 2365 19498 11082 59305 43098 99270 76310 39793 8361 89710 91358
7358 19
8226 41726 81897 46729 65508 65619 36550 63957 45114 59605 34271 81543 47834 46203 30585 67570 34122 51487 88944
8505 19
51950 91543 75626 82264 70781 63958 99498 40259 80284 10869 86182 35399 62215 4848 44883 68405 68816 53693 64527
7175 12
66907 75263 28784 39305 23413 28230 17709 96386 68888 4082 14897 55577
3938 12
83826 75092 43547 68684 20791 92820 70893 38662 16110 59885 37595 12180
349 20
83215 64201 17897 92378 45706 49971 10212 55168 56492 71808 20469 87536 18167 97265 93253 39545 59352 73350 99807 34171
8887 18
19827 12560 89506 96383 42539 41297 74971 45450 67211 80223 73556 63045 69321 26988 19482 50060 87881 6956
1653 18
37098 38343 94606 23427 57035 29400 96842 94978 91818 93600 28095 28629 53375 28621 32573 13447 98634 85842
6202 14
35878 47571 3489 73534 70036 69527 37978 87037 92835 18657 81666 32439 26051 88430
6338 18
99700 12190 60792 87196 95615 14542 90076 24605 84191 50679 68607 73241 28228 45550 97460 85867 3993 87956
5857 16
6504 40680 22716 72811 85184 94779 99699 7444 67607 86694 44471 65193 25390 58643 76320 32808
370 17
94177 63098 12080 99380 66522 48966 18799 21353 32684 68900 4267 96575 29325 46210 72080 60985 32555
8989 19
6476 38628 85112 4882 50402 77555 82394 9571 51990 88693 67915 7459 81799 43675 36103 90827 36422 79068 71547
9092 13
27133 70866 56179 39395 52279 14736 59636 33002 43902 83350 4727 61446 50047
9316 14
5807 99852 47309 82906 37623 47249 75727 83085 33100 78016 42636 19434 85069 23358
5604 19
88745 9206 98615 83808 26363 26512 42354 3229 21085 83291 89538 19539 63689 63423 74267 60539 98019 95456 75707
9489 14
45503 18137 69838 38547 19784 30649 91694 45883 92402 1669 4490 88497 29598 56940
3967 14
45867 5029 98150 3934 81836 65345 82439 78523 89256 37267 16002 78743 37839 9551
6779 18
96152 42236 97360 81514 80698 32041 23458 26920 17379 64219 28854 55496 41851 47812 2282 47364 64426 24773
293 16
89089 32085 1378 30919 15322 88008 35161 19233 74344 52805 98159 66807 21757 87656 46410 23028
3134 18
34939 78031 35068 85767 57795 66699 51206 85527 76660 34373 24736 76719 79014 48041 49408 67351 57609 96407
1516 20
74133 89052 28928 6026 25096 65931 21851 68551 75545 54631 96431 35392 99725 25771 88346 93938 7187 26779 86602 38377
9647 19
6639 93830 20992 36874 77077 22523 36307 29392 69201 25354 15121 35547 14951 3723 46419 25514 24037 95318 47109
3684 13
36274 81144 73767 64184 52341 13979 3879 50494 66179 38487 15994 75138 65974
7308 16
10896 21713 75913 48460 67249 11678 56598 78871 24598 24479 38808 97823 29482 31752 54440 40867
6253 19
51545 43682 10342 66108 98355 77863 34810 71436 81202 51490 43797 83025 25956 9713 56995 98882 51496 1822 96307
1617 15
77589 93865 59984 29324 3912 28758 2333 90550 29606 91605 26184 19774 91056 47934 70432
3631 12
66266 86143 59251 30548 40965 90539 34949 12851 11774 22869 64207 67343
2119 15
95209 45675 12283 84550 27592 88212 23288 40627 39745 4940 76818 93238 34485 10162 59456
9077 10
19144 19468 25597 97153 46321 44704 8165 27174 33616 74177
1668 19
80410 44718 9362 36335 24030 55783 58743 88494 67446 45921 46296 40392 71723 97548 21420 77215 17657 54122 77181
4231 18
22830 93013 28 33514 81509 90565 37715 26108 83453 7049 6070 21764 96225 17548 68464 48429 52359 24035
7285 12
40018 63576 89313 26738 11089 73564 5389 69891 83724 81492 65547 24772
8005 19
66483 43568 69565 63014 54867 7518 80374 38757 58998 22715 2171 98798 11769 59779 50403 63729 75201 44049 71358
7344 17
77416 66432 90169 12714 8712 77088 22816 26817 10626 61206 3380 91488 48724 46076 36586 81481 65945
5297 18
75775 32375 8693 9758 59879 93391 6091 3336 56120 73581 4695 79190 88091 37984 29099 80148 8777 13157
587 12
95174 14665 73207 55872 43069 53810 56129 5159 79343 80208 89899 9451
9751 18
30671 83119 97787 77396 94983 86798 40731 68269 36902 6374 78043 81153 15698 12414 92385 68977 67431 16176
3245 12
16918 34803 16529 13640 17762 25424 44312 92454 53768 23154 38197 12848
8659 11
36054 50421 50837 71598 57540 74354 16263 46930 33893 28136 70857
9291 20
61965 53569 90997 18754 49163 67203 31620 98661 55315 21108 85620 77294 70367 28135 26874 18872 43178 28222 6043 66701
4518 13
2404 81118 20916 86071 62287 13817 36700 835 58567 72114 678 11641 18902
7839 19
53652 80364 56161 24635 33866 99122 60653 74508 26812 94038 16484 25222 33645 66130 4628 13704 25682 99997 67734
2904 10
19713 55723 27446 60058 54135 43181 31835 94923 42921 91335
3025 15
89152 795 16177 23992 75910 39219 10714 13068 78581 12837 25569 2813 33754 62511 14804
6885 13
27088 17732 85859 63259 5015 6488 82690 55405 57256 37539 6480 66579 69466
6213 18
63457 77424 10865 13393 29136 94635 72552 46054 82724 63817 51875 9811 29045 32725 95472 58212 40932 82901
906 11
60103 51287 44052 11604 24241 36627 87150 2770 75208 73612 46263
6979 19
89839 41474 32591 40294 57859 71799 71246 93347 41412 21211 30325 25493 15498 8991 43631 3425 18600 22906 76206
8791 16
77912 86695 7772 91907 68515 10195 58323 55805 40812 99958 73654 5851 95022 67079 27407 89708
2732 13
98643 34513 60437 17453 48868 58308 55683 61549 12612 45352 30026 16158 32601
6760 18
58782 18940 39307 55649 84077 77028 92406 62767 98616 10514 85057 950 1126 76560 44692 65570 55458 52244
8285 13
57228 15191 77979 45320 34260 72167 80043 3807 13554 21592 93030 96181 51240
1109 10
29735 70282 78813 65141 25962 74628 83089 14698 61713 38329
9767 16
72338 84385 95529 20734 51380 18458 87893 27427 64491 20073 49839 25318 87193 49889 63897 65146
1326 14
12198 14503 47221 14261 71331 30586 51792 5732 32084 69433 33527 14308 87722 6032
5771 17
86501 33122 1209 24242 99914 72219 64988 66534 3612 93974 75809 79899 54432 93188 49265 33987 61655
9053 16
40703 71014 5886 1638 87880 16455 62941 99762 85879 60614 5280 47051 76721 89802 55265 22199
4330 11
96715 71274 72368 96206 60050 2290 80442 97836 87042 6287 52496
2548 17
32726 86711 28728 32195 13294 33891 47803 86674 45656 74100 75343 94111 84796 4499 79523 27691 52917
2006 13
94498 96323 16873 36998 3964 20664 88446 79411 27157 42790 96719 75657 42447
806 13
68168 71891 61355 43442 81762 91541 93536 43249 77280 59283 25022 2074 82846
6976 19
81336 89056 92586 97336 11231 2163 56081 92699 97119 69510 89120 74902 32712 66507 34239 26150 80822 64849 33516
3546 9
83879 46983 76616 55898 55536 84271 46114 29226 46370
4979 14
55331 34099 5945 52596 9990 18678 82888 57151 68539 69293 17766 52458 98510 37300
3243 14
90145 88483 86477 95605 87999 91479 85091 23264 85995 22446 20909 30365 81520 22565
3837 17
77213 22974 98230 52789 9470 81538 27601 62685 1730 64520 91342 77605 89564 48163 64117 76390 25504
6284 17
72451 98961 62444 59382 25619 37200 82556 32286 25517 37638 59749 50351 29167 14095 98337 13003 9307
7803 16
49077 44789 74195 77821 64949 29809 15174 22727 2896 4527 37021 12753 84449 27483 37234 54908
4618 16
5242 12430 78103 62124 44069 49356 18713 73190 39285 56330 63734 86718 97876 74901 99623 95468
8124 18
24203 92010 91445 60124 17381 43674 16017 73964 63901 96909 47515 64953 77569 20796 74777 9262 69653 93906
2863 10
58684 99870 11046 70638 855 51663 30562 95997 19056 72313
4972 13
58899 97998 24293 77302 48452 9630 10804 64964 69628 8511 95446 76641 97453
2269 18
13151 68373 36013 77141 83406 54550 7341 37632 27432 25367 24443 16400 77337 54049 48995 21349 79711 60244
9508 17
24235 75059 85016 85823 14879 67267 98168 11493 97151 76912 40741 5450 97289 7592 92230 12510 78213
5263 16
73291 34601 15260 64389 38744 35600 83457 36344 21385 805 41725 37405 63602 78398 27573 90365
7038 15
61179 99644 64379 87874 80352 22970 34793 74706 3068 11272 45102 70019 43484 16268 19777
5219 15
22188 22397 30980 48243 90846 11650 65749 94762 15058 27426 2318 89641 50308 86054 68110
6791 17
37712 60863 12022 88100 21526 87822 91933 27579 10604 78011 86428 97398 46494 98665 48494 55301 4438
1195 13
9331 14934 67451 34 58034 12925 16525 81708 60713 65784 61163 99673 79555
6006 13
70357 1566 18745 60527 44847 24682 82593 47446 84040 80012 86144 22513 91153
8098 11
20487 52912 86941 35499 83543 6241 32178 48510 45918 7982 98316
3907 10
14146 45631 92245 99279 42943 34950 58981 27219 33825 39237
2252 19
94128 20491 48674 68416 43402 5275 98399 61904 98116 45813 45591 37181 66032 14864 12246 28909 54837 75086 6297
2457 9
73007 58821 8334 24780 77001 23508 55480 91283 36987
4924 17
92541 59614 93078 48782 56151 13354 87012 66749 44645 21951 44115 99110 59889 33792 71417 66797 6532
5360 19
33065 91915 18325 82605 56937 43051 56856 54788 69020 20246 20416 31018 55642 66546 76585 22487 73095 1845 59857
4556 17
32157 40510 57800 36222 87866 37414 43049 15115 45034 972 64985 74165 54089 33926 76785 91644 64604
1420 18
76512 27803 26410 18028 72371 28783 88102 74425 89894 11526 24206 24401 46426 80524 39276 82035 1597 84686
6939 11
51405 22972 62718 51249 36094 35146 99366 84569 87628 31143 84101
1515 14
74559 61927 54137 42788 64359 25660 35100 77174 81455 86824 82275 17660 36317 3235
6859 15
46345 96771 8746 62573 36388 85409 63595 89409 61742 55716 64498 58121 22568 80638 59782
7042 19
60582 42074 72464 37687 49221 64879 38712 77640 24343 10231 94727 18110 79123 87349 18938 1911 92896 27467 69648
7148 14
32426 49863 8543 13913 3013 52707 4474 15901 71203 71260 48396 50825 51731 52590
4903 11
97321 47468 19184 72292 91048 46726 91909 17376 48998 37811 15703
3669 18
54259 11241 97163 95962 53370 77614 60663 53456 62356 55887 90677 69338 48295 60418 34114 60279 74906 2511
2426 15
62386 46011 29891 79815 47956 20121 83455 80268 32695 26876 57164 41980 15831 51424 36818
5555 16
43114 41617 26780 15588 5128 48511 40617 72557 77368 44824 52666 43089 53231 21604 3773 88406
8283 17
21288 75797 34666 69572 52552 81890 94482 96375 29584 93762 84177 91275 77395 778 93624 75951 13885
974 19
50584 81788 36841 18860 95871 2107 8501 18023 29246 52218 90806 59834 5647 34577 44538 75170 50200 59541 81697
1596 15
79620 43430 75356 60540 25014 30880 29111 76098 99733 15116 66979 11141 5745 19531 2125
1004 11
87426 7509 2399 71234 62479 24346 19231 71759 40950 77426 99535
9927 11
15046 62049 62499 74206 79480 25242 6861 6495 87095 75180 79254
973 15
91042 56535 18062 83999 67173 94639 50798 61097 92793 46139 6862 60779 92156 34780 64268
9160 10
31683 3972 4618 73769 32719 89403 86929 96777 8302 97387
7915 20
18992 34481 84370 44172 63578 31875 40240 42153 51671 2984 47089 45680 92930 8085 44050 44434 99973 17288 46346 27513
1331 17
69820 69818 38127 59676 12924 25333 72124 53581 3541 86946 72349 81015 31281 36055 41770 59974 82656
2919 17
66105 2194 92778 54171 36953 45296 26334 37464 22402 832 36354 22673 86866 41339 35907 43217 43173
9002 18
62316 12124 52024 13716 74681 58943 86336 39863 99659 57226 2591 14234 49905 77985 31122 42901 16782 34020
9096 12
22767 38478 95825 41134 37455 83646 37806 56082 30748 85824 91376 35543
9204 14
63140 97721 54110 41533 14911 82570 77844 21536 27638 23565 94816 1827 15641 59900
2312 15
13823 98469 91794 81542 59775 68329 28085 36522 85350 71048 13730 57537 96364 94581 52696
2541 18
23352 96147 57554 79040 25662 73929 12444 32094 41831 12038 54239 98796 43459 29965 19302 59039 14967 5197
4717 18
56201 65413 2654 29078 36568 51880 86264 68665 67252 43891 61195 61563 81351 28190 26828 49956 12998 79767
8050 16
68239 93694 18693 42059 37194 39647 50751 70363 63540 12728 813 24179 36105 63265 3975 78373
9061 9
97758 6623 14719 47228 34454 40717 6237 97493 36314
6063 20
54575 67622 67848 78200 9552 95598 41516 96428 79788 1266 85987 48962 51504 36058 66962 28199 5828 91877 9218 50947
8917 12
32911 3456 38007 42526 65614 10177 14901 40941 22365 60134 39083 6604
1967 13
43927 40905 58156 8369 33135 86026 92869 43534 5236 44470 26335 73638 40595
4251 12
46481 95377 16994 80130 15036 61616 80598 7613 49793 41937 60970 93029
3229 15
99601 45433 43290 25510 14939 60149 43248 45081 10429 35511 9100 76434 96380 65445 74019
6772 13
95671 19919 86445 24112 75938 62509 23500 45113 88834 90050 95512 46842 68161
8056 13
31110 63827 35890 3561 75487 45770 24457 19817 87430 34361 17128 96476 28167
2044 20
29958 39554 69029 71861 27066 89068 25945 63471 64546 92294 79761 7230 69976 59429 90947 34336 2766 73699 63723 84863
2510 12
36151 20151 88952 51299 90510 94567 68356 58544 39652 58393 19813 70989
9294 17
42080 72711 16973 96726 23597 97076 89243 7009 57516 37909 747 37479 48181 54341 87581 33522 57295
1427 11
16915 98986 40047 8827 56741 82504 7576 36020 86916 75006 87619
5789 17
54566 87405 50132 13429 62416 347 78124 30447 69491 15119 16737 31614 89758 61402 34964 5401 97026
5345 18
860 89116 97852 15602 94530 98257 32964 24450 62392 11138 17624 31374 36536 95436 90912 13629 30131 56301
7305 10
23444 89141 17735 27769 569 31000 71052 41276 16103 80227
1342 11
57895 74766 19315 46270 67961 86196 14075 88043 56297 34616 63941
8109 12
66840 10811 75268 5407 34450 42969 31540 23360 42782 59017 36052 52339
5252 12
22191 69887 57648 93958 43213 13382 58442 61595 39537 18168 83512 72222
7010 12
3374 50049 76342 73618 32844 84419 76992 6527 88013 33506 7866 9494
7984 19
44930 27980 57104 6981 7690 38861 57279 91557 40900 55615 78896 88120 97991 96995 83098 98660 59248 60574 56008
4589 17
15019 60847 25544 63137 69690 7474 16290 96657 57543 85547 13094 68905 21652 37167 42443 35659 65364
8834 19
27790 26969 32461 94166 47838 28952 15140 20112 94079 24810 57592 17043 29971 73288 27208 66250 80124 69488 47536
2737 17
1780 35484 13839 78710 64827 77444 43703 40330 3905 46156 33748 31512 9560 3325 25708 87118 78758
4194 13
40861 16943 13128 73906 53815 56177 77193 66263 54420 21300 23520 7184 19288
9847 19
40102 49572 25360 83320 76930 96190 11764 81346 98774 83562 67470 90236 51583 34886 42249 31148 86436 37905 85170
526 13
87714 67485 29292 2504 33586 98157 9200 69570 54307 62761 16735 33981 1491
6915 11
65488 39955 36036 74797 94434 5398 42644 29988 85197 71522 85422
5050 15
82370 99354 87247 41597 35893 39820 81078 74916 34350 93662 58581 3928 36060 6422 7328
8658 11
50707 73803 63127 24502 99466 13006 19925 25443 6684 26718 21145
7801 13
92511 74929 34242 64579 8998 53143 52343 42360 9805 66911 64401 67131 46320
5388 10
2510 31625 29262 22454 56049 48235 16596 47577 68884 6239
220 17
80199 58268 37332 69313 15813 42679 16920 19587 51537 17440 92984 90127 48577 79410 27476 33342 18369
1475 10
4597 72781 44559 90447 86472 73586 65092 99146 75612 27977
3583 15
53798 90911 68581 4863 47975 88876 3620 70855 70646 75039 4142 84632 25809 26736 66245
8869 14
50700 62772 27848 25250 9550 52124 53509 38328 82758 61039 49369 87161 13964 36087
7534 16
6159 57846 42500 65621 62332 57589 63250 96584 47444 46911 12910 62273 70731 15974 60646 23357
5023 17
71227 57179 42712 75447 66078 8667 85676 13803 72850 31201 82184 73933 50887 5825 90649 87136 44869
8178 8
9401 81080 45833 4923 53621 50605 50677 96730
7786 18
17896 28405 35502 53760 15505 38905 39415 79747 49193 95619 54098 25158 1248 58615 76788 98713 41312 30416
7630 15
2334 70287 37838 23548 58172 82939 86198 64382 60555 92006 1471 79061 20506 7311 47513
5569 12
64850 34230 84254 59384 3796 62797 42224 9565 17805 83966 1429 49204
4898 12
98513 71562 74954 93168 56661 26841 10444 78005 18826 46786 745 82954
8314 11
56962 8642 63791 26183 3608 2974 49592 15104 68776 41045 13404
9948 12
4624 24599 90758 23869 74943 15301 7578 78907 83858 60007 44866 55894
4284 16
20698 72299 37144 79590 23103 74488 33387 94524 79501 99442 4492 84059 91306 76024 95026 40266
462 15
11995 88288 65678 36722 92412 96865 12322 82077 31505 72407 29109 84319 76817 73681 45164
561 15
96955 95256 53763 74585 97761 8806 97800 8987 99897 85188 81332 51002 51720 25871 58923
4154 13
2105 3619 50924 26091 32941 51548 816 66068 1117 59035 63752 35994 89968
5171 19
16578 35832 10543 49129 52278 83485 98516 58294 71222 53013 31258 22050 72825 72316 8111 32968 57161 30835 80163
156 11
13469 15885 65197 1251 54977 73296 20438 46885 42859 47307 36043
8518 10
85977 38231 56852 92374 41806 36836 11461 22438 97315 1534
205 16
48013 59987 38482 66489 17610 35266 36301 64997 5036 28752 22789 15899 54398 81965 8895 85922
7179 18
58721 36250 2258 68807 46987 41750 35544 38619 22200 37668 45570 53577 47013 95940 22705 64217 59713 41291
1731 18
95703 43551 45653 49365 58646 62603 9773 68097 88863 6756 26239 26296 40693 84056 44982 76857 2408 19645
6386 10
11094 19711 2109 49757 67054 59511 71764 17594 22813 9874
5002 10
31469 26815 79017 56284 79583 4951 10707 62072 18834 62394
3470 15
20558 98740 83206 73037 46955 33836 78132 77800 56067 88324 41087 72116 20222 44068 23632
3277 18
23432 19826 67204 68496 60395 39549 39314 30216 39191 18635 96648 94314 4816 32672 13431 18984 15674 29145
6025 17
15234 6027 69963 10318 83520 30227 22909 95640 59016 55115 73040 7756 60996 79770 57798 32999 22120
7078 17
33797 18627 83541 64421 29359 2187 26141 51012 73397 74044 43578 94088 37913 13571 61642 64525 65959
7967 17
87274 43138 30594 96830 20191 59764 76043 71696 70732 85309 40555 81258 81907 82680 3249 58473 48520
4074 20
2184 22232 75565 60749 95481 92803 66165 33235 7282 15039 47160 87003 95431 39999 40629 87243 71391 99133 31062 87114
350 11
16689 4757 28363 2565 10810 43238 77936 8204 39345 55647 34408
2138 11
5474 20154 4045 49068 59919 59528 76670 1663 43595 15015 25805
820 16
17999 52153 81969 30251 60338 8452 54419 97361 27479 82097 26664 9376 44633 86250 44370 66360
9985 18
86708 18118 352 81477 35989 4521 95315 81469 46976 43277 39791 57997 13262 94829 27065 44342 31641 71651
751 16
51453 15151 91075 275 29854 5449 33695 18471 15535 59538 74094 70627 59492 94239 41058 15713
8795 16
47816 89427 30617 31898 51607 7588 75616 72714 7515 35653 81608 33606 24629 34827 20115 19282
832 18
86392 98497 29746 26078 76482 42719 3870 4567 54441 4118 53142 17213 12923 1489 44419 85275 75680 29059
1133 18
89093 48670 67618 35861 41188 21741 20708 87020 41625 20269 4635 80544 23940 6023 84375 23045 24559 28103
4252 17
73224 19213 86957 72729 62340 26067 73659 92372 73169 87121 48475 58654 6511 28200 41155 51077 34069
6966 12
5047 31074 7993 38473 94353 15390 19073 60597 16670 60828 910 90600
4038 13
81515 75852 55901 46822 42184 52765 49080 8676 28298 46611 42005 53368 95365
3318 13
76786 43084 69979 1598 61006 58059 15194 32281 86023 94732 45513 22250 80271
520 13
24213 81727 63571 13982 61116 41348 19502 13745 90702 22444 34091 30948 110
7072 19
23190 95736 17708 39286 3659 96718 60880 95521 23931 52746 26289 80706 73842 28666 14344 90714 96889 97556 72820
7974 12
59320 26314 27448 26355 45484 36882 76647 20571 74034 46166 46572 88310
2998 17
16572 31009 41318 13822 95424 71448 88364 26160 31381 12141 94677 54540 42006 59790 14986 26729 87616
417 18
1989 6910 94957 53611 54617 35858 15324 96586 66048 10368 24763 99685 93582 60189 47041 23860 42052 95889
4750 19
54443 58125 83605 96351 27589 65542 37091 59189 38488 12153 20032 37214 36626 68822 89323 5762 88763 42356 71773
8390 19
70232 32568 42303 48266 60519 49743 87760 1030 90866 52167 83316 17788 27709 65036 18962 9561 93150 90497 44742
4637 17
63609 28299 26142 46712 95262 16353 50684 78679 72198 48895 96659 67409 54237 89342 58115 89102 20123
4614 13
4248 59414 38614 92694 6797 80231 11040 96201 44479 89416 90052 32798 76366
7645 15
54916 5565 16202 10327 80297 74489 11713 51951 98631 91775 7549 33181 49720 38206 28757
1886 14
23337 32430 90527 69917 34381 99025 18501 24943 27423 56011 77196 19375 76267 16148
811 19
94207 7006 87847 13093 66814 43056 25691 33777 60123 32257 58470 87977 36628 18871 84120 50881 19254 11148 68738
3891 16
70328 96200 77393 36064 64916 21847 5875 92040 69713 46221 17549 27807 45174 42805 47052 86807
5654 18
58774 55252 49319 47669 3479 26060 89846 13720 26456 83268 59164 42559 80070 87670 3565 10907 8560 94010
458 16
48823 30142 31129 56783 97306 52949 43977 28797 80536 16259 11323 50016 28423 128 45076 62355
8093 18
89863 53286 34533 70998 84931 1934 15847 3141 17236 5675 11320 97945 22993 46747 93112 39976 35669 18541
9992 16
65697 18310 63811 12834 19245 84675 24118 50037 21906 60898 65970 2448 94642 54487 28487 11896
7908 18
44321 44520 30794 46472 34104 76460 49429 34323 59497 44876 98041 50020 27706 60343 90029 28502 51800 97239
7729 17
24647 28235 31058 43920 4197 6685 15638 80885 25440 16001 86053 5343 54159 31033 72099 89627 74182
4847 12
86820 85766 16173 15764 39814 43770 18218 28196 2851 78893 49101 81475
38 15
42521 61902 734 96167 97654 40183 21768 45134 92416 40728 5620 21305 51190 10335 8915
5818 16
55359 1281 66216 84011 40475 91785 98400 34960 32589 35342 70993 6644 14283 10087 51908 72617
6464 17
78557 73781 58880 71231 73743 42483 37271 70117 7568 84763 66338 51166 88610 42093 7421 19163 8972
8677 19
59762 61954 69066 98603 36527 63444 84362 95939 27075 87787 86212 5765 75934 11813 57476 65537 70719 55736 54100
6235 18
54675 98310 89751 51514 33564 21213 14188 27975 20599 23126 10813 67868 16201 74048 89434 85956 44347 43368
8654 16
8283 11386 87588 44501 95879 83828 59438 93649 28178 5419 43786 79317 86537 45237 95915 1226
1307 17
46815 23465 40496 72959 33850 60016 52535 77218 75297 48817 37105 24787 54991 76167 82495 30185 86902
9733 14
39173 58005 38374 90923 55543 58337 16989 55530 77857 25678 52738 73503 46377 4715
9311 15
62172 17635 36387 79237 94015 48485 82155 25705 45783 46668 46727 99333 47216 3342 58110
5666 17
99373 64346 99441 57402 15219 98253 35070 37384 43426 7042 84008 59019 57680 99779 61210 78212 16932
5966 15
49097 54755 19845 83074 13419 31161 68638 84774 24337 37855 87237 52220 27856 71086 32717
3552 16
43720 31819 89918 68779 4127 85967 42 12167 69434 15879 53591 77022 64890 46670 39157 58989
5502 11
50235 538 86072 95575 44134 31933 74739 59022 87547 7192 77010
4011 16
56544 17556 27377 93247 91863 62780 27333 91367 45199 64750 19886 71497 25444 95834 84344 37512
9600 17
84139 64856 87758 69973 48526 67015 29343 92817 99091 53341 35134 78409 77425 84785 36851 83775 56260
4184 18
36475 1551 82837 15792 11567 45924 58215 47980 47461 44194 79843 58960 90703 34220 80079 93881 90795 32639
4592 15
22756 11984 50130 2737 67041 94241 7033 56565 66520 32609 62166 73461 71248 22769 99838
29 18
93750 80532 77682 66311 68449 12708 33042 69361 80009 55674 33336 68691 77350 99675 97733 50056 23600 69534
1224 11
40119 56486 45202 23191 61704 7351 70091 46850 16614 625 70152
9367 15
49908 90301 10106 32324 43507 82428 36361 49525 23025 31744 69960 94991 55924 65640 19891
6115 19
63877 83165 74708 46716 63246 1292 68866 8724 77082 28690 31377 25374 87223 30659 20120 15175 37543 61183 7852
2977 11
55942 3911 26975 5806 22277 93384 51874 12353 17198 1255 2309
7280 13
80899 6392 93565 38742 1658 5116 55355 35081 2535 88372 35778 4380 86327
2567 14
71812 96810 20741 47761 8448 15997 18612 17752 63381 48742 72348 30691 72801 96368
5423 17
28551 31739 46430 95207 35455 45970 1409 9815 55156 1773 16272 94963 49455 70050 8351 21946 59012
2868 16
97267 93229 13782 28241 26426 62894 50956 82584 77889 13959 58064 64559 74618 68021 16062 97707
3550 14
36462 62814 67059 38174 48062 59389 60417 30761 44797 74796 25997 9428 61815 77749
1110 13
94775 82667 63840 11124 17878 79216 46752 52822 79109 81924 76657 31146 13971
1618 19
30016 59773 98289 41190 34808 30245 87687 19733 97250 2216 37148 89628 52505 39408 59552 27330 43601 36 16210
647 18
19201 28501 54768 60715 42512 71328 67588 73330 56933 56401 38027 31548 84906 44367 38448 40551 74144 88898
2250 14
38008 10297 87671 68845 14779 46943 19243 52198 54812 3417 3737 95542 84817 70257
1154 20
76263 89411 4517 21593 94666 38244 68390 82830 33886 87964 22384 93107 44725 33249 28816 45281 78403 13341 36558 10939
3483 19
90279 42098 11010 87119 51336 82304 72828 94901 909 87024 94004 37523 30642 18848 91934 88637 38455 69536 1098
3954 16
19488 82309 60846 65040 65492 41916 73802 89107 34879 29964 43546 26948 53931 90743 73483 41484
9553 19
86467 60561 22616 44997 10375 42722 21529 87340 15090 73449 95899 66104 22578 84565 78814 64309 81772 45017 323
1973 15
28670 94800 27527 50348 37676 89391 96683 14394 94537 28074 24433 68673 65534 5102 55929
7259 15
28997 72463 70983 5724 14752 76191 32807 65832 25195 44513 28395 76989 40686 40291 28376
6212 13
62838 10024 84445 15924 35388 35386 29498 14766 52625 28692 96981 11374 5696
2469 9
60170 1645 27590 87765 57522 9735 44522 67973 87022
2525 18
85337 69279 16690 83892 88679 32685 90801 30622 25043 28464 56644 98305 22160 81129 67598 3014 87695 22880
5608 17
55890 27604 80523 47547 80381 83487 77152 95222 5011 66487 77270 88551 25460 31736 81161 19034 31023
3679 16
43919 30290 53944 77953 73279 33897 32628 49586 15648 91484 54193 20209 39446 23169 73820 64846
6588 19
60125 88210 75995 48982 50826 49067 50809 7618 42352 66794 98341 1988 82960 38766 2159 75758 47631 37636 36766
5635 17
71504 43377 86870 54205 61221 25642 60210 72732 32143 57236 21248 13394 85062 37473 76916 50090 23086
794 10
74291 19230 26937 19564 94453 81411 19740 14396 9991 64596
2440 12
36019 32503 17250 95621 29022 52280 48961 273 51054 38466 44569 95859
1743 19
65475 29366 24269 20821 94296 50750 23004 11480 12591 89597 50948 87627 76602 9692 68503 34912 12481 80002 24247
6330 15
52309 5890 27328 80921 78765 16610 58730 10959 27979 28898 2361 30262 5528 73012 95250
2533 11
23670 57288 98282 82630 39974 94798 12477 53189 39352 84136 48486
6251 14
16022 87309 15844 12864 85018 80211 43764 55479 77515 45069 43311 41244 59385 69835
4645 12
23371 14428 95329 63969 87740 35526 98861 8274 43472 4785 81895 29448
2569 10
96346 58602 1433 92608 22442 4156 21041 472 42661 23467
4278 14
1017 60842 89993 71948 25418 25988 86558 71572 67135 84134 4872 20348 54399 95136
6152 14
28053 5991 71306 14160 6747 94538 6315 3713 75597 71362 23049 16806 24180 33034
4319 12
92950 88250 64662 24612 49885 83203 61789 67521 5288 28815 31577 7365
2200 11
65165 88829 99833 71186 85916 15714 48075 57766 20587 46567 98647
414 19
58203 57632 134 4391 35170 30257 13209 3857 11876 12491 43849 47195 82540 55000 67594 72431 78367 75477 61099
7104 16
6640 86511 88759 92978 52594 14464 11303 54403 50761 80549 31313 13281 61556 72320 71194 26014
5193 15
57071 69331 45002 31968 60938 74255 32326 84756 55715 28848 89721 78377 21798 78706 36532
2415 15
17257 74055 95638 94287 27490 83554 4557 80257 17962 42484 53402 36089 45738 86608 46548
2075 18
24782 49072 84055 68423 92693 1448 18433 18122 39879 70852 86288 50393 41424 99139 69430 39111 4859 38228
944 16
3662 37178 73488 56522 77768 59276 96608 65507 19856 8566 45558 38539 37072 73974 76846 90983
9629 17
76914 33547 63036 87028 69054 51633 13258 29531 18160 50041 56195 88717 60819 1721 30591 37812 8705
8409 15
82810 70955 19868 16772 56398 10599 64630 30021 69191 38887 98392 38604 65606 59291 86197
694 11
58055 57748 50489 56320 42094 55401 49859 62376 44731 76704 2487
3148 13
36813 23400 32967 20102 41864 87563 95340 21022 69943 87166 23660 71769 63389
9227 12
54980 75128 42200 67461 63726 66562 43939 98859 18981 38461 14391 27902
3726 12
60925 84645 4363 64035 32226 36631 28561 19778 28990 85115 64529 98339
3742 19
22010 98741 34927 57230 19787 93305 38617 40542 24138 39609 38515 12235 70768 90056 27890 10046 45008 53473 43408
3091 13
90370 33403 33875 78266 8607 29249 64373 30466 11278 50612 37800 86977 57247
2097 16
71974 13950 4479 36914 56512 59220 99396 58614 95184 70408 55915 30639 19472 72902 35119 84576
3525 18
60690 22992 53202 39839 33222 88124 26248 28338 90138 9648 72796 5122 89782 54655 97816 80204 11729 99793
5175 11
34740 886 70139 29872 12890 81030 74994 51604 31419 57263 6659
219 13
74828 29210 5852 64195 71026 32900 62614 75503 158 59145 80502 98384 39162
8583 13
83367 22901 21766 37866 97288 54188 28357 94958 7195 38871 49025 86018 32317
1273 11
17672 18415 3190 57201 41680 46046 36243 91078 52543 71820 41885
1128 10
6916 76111 8463 34586 89118 43196 85307 26616 58500 47021
7995 16
76518 7514 78404 25285 77993 19974 95027 30852 72285 47295 5768 64041 55364 74621 38128 96627
8522 14
17286 18228 77427 47135 69732 93729 19716 42883 83545 28243 38803 6607 48633 87599
141 9
61373 52135 42032 33554 84401 11061 1616 27534 21027
6029 18
85567 48449 75020 96859 93137 9711 19924 93439 11396 15123 6174 20803 86811 88249 55830 83667 83137 3780
6698 18
52944 76220 48694 78589 29418 14519 16542 70031 61763 48976 48503 90165 20552 78901 78305 78708 49808 57357
6054 9
4824 58795 69265 4114 19734 63110 15284 52082 61539
7544 19
67706 13399 91815 20078 19966 44018 54771 74945 23574 38212 26082 30934 91142 31305 28023 88862 13364 50145 95545
4986 15
52927 66917 22541 36753 44980 25224 40099 6363 99737 20097 1414 40128 63605 3255 82988
3331 12
69768 65361 96228 47058 33693 10894 82845 37966 22790 34050 13829 87848
7737 15
32276 83212 14995 95552 91654 76706 46327 17918 77702 12538 99172 73796 42927 62385 13038
6603 14
97381 72164 55519 4878 52475 78897 14793 33966 32980 33322 63190 91856 29803 59514
4830 18
90407 2082 65869 44469 43359 19407 52179 90737 12587 50014 47652 57205 38252 297 16188 9797 60012 31810
3730 9
53438 71144 68549 12766 87049 77932 40837 86078 54628
9916 15
75779 19396 95010 88744 1394 89381 80348 58820 1929 93644 92092 22530 77432 86729 96141
7841 19
53855 51679 13603 47100 18316 24318 59880 91832 29602 29245 38953 73346 48987 34294 17413 32406 72893 40280 92195
490 12
88188 10519 60348 30696 39605 97000 5411 44257 737 53040 24207 104
4439 17
6785 40174 54368 72389 91600 10386 75771 75100 39744 13903 11204 24579 65954 42593 99588 30114 9881
2994 15
30713 8702 63097 79064 92299 18592 89280 42543 28101 50273 61227 1889 95636 43842 48952
6416 19
92349 45119 10158 52550 57172 15413 5425 10699 20964 99308 16620 31915 66830 95684 56390 81253 47968 90005 74318
8076 18
73181 59277 25039 93417 83795 68468 47319 50704 59457 68443 65777 45019 79032 56415 39164 15395 43041 8170
3632 11
42140 34962 73286 56974 60329 55839 64088 31648 94062 46997 91017
2738 10
60345 90672 99070 51020 79375 85669 11467 29926 80013 87867
5835 9
6703 24979 30382 78040 89745 48697 93577 67862 93568
2783 17
38236 52842 14714 42792 23568 86454 85089 50528 71281 93047 56288 95945 59093 441 76368 17055 7560
7442 12
43972 88066 83475 51910 88608 2411 75666 95694 18588 31144 60742 84007
9203 10
24592 81842 71731 83264 8470 38458 6905 8113 67814 91060
3854 18
2245 69562 55034 6534 36681 23466 80787 84046 23882 76913 94929 20817 92790 32246 28893 28622 27739 34562
5390 19
1629 26973 91957 41659 46059 96555 76674 98409 37734 9937 80485 5053 65140 61675 83944 32506 75021 41223 41258
6134 19
88845 8314 20223 28511 59575 15130 15983 16441 83989 46847 72197 54442 58272 21341 84770 53746 3 93362 17304
5687 15
80350 56915 24711 77519 93903 11163 16767 99532 26971 12006 1309 71188 20019 40386 82885
8222 11
40631 56920 89187 98195 45179 96763 80975 52797 63316 5394 32921
7611 11
53390 47914 18521 77532 38709 31248 30601 72767 71784 11570 56217
8773 11
75291 17779 56192 85276 13380 57468 89908 36647 40334 5104 33557
2166 10
6135 62613 40136 8926 90335 28339 64805 57078 19898 80786
1478 18
29736 81910 56764 95287 31959 59763 21990 16091 11030 70272 40915 94114 99281 44076 3165 94760 16541 88154
7075 16
99835 92121 86304 37195 2387 66289 27107 91201 71055 29624 88983 17920 52111 92755 69741 753
7124 17
50099 54052 84187 80820 33815 95164 78852 15534 84791 15911 72194 63152 43774 47497 66112 76659 11559
7293 14
12574 14667 70986 49312 39981 51647 3704 36429 78972 14763 57054 73884 13465 44087
5091 16
12683 88734 69124 8330 79615 89906 31388 10382 44496 25414 38037 57384 28866 21570 39856 28304
5630 13
15318 9807 76596 69505 32621 41158 71499 81208 42676 3638 20951 14840 6924
7294 16
9222 87816 64804 14773 92094 74403 83381 83796 14520 10973 23108 1412 79261 12787 55349 21556
3980 12
2615 65633 52618 20536 33290 63221 16083 79614 36523 88792 68260 52905
7727 16
68591 17593 29801 91238 64528 56360 55257 4853 89355 92711 29373 10655 87259 13749 65973 29875
7582 18
37525 88057 33158 82778 1809 91952 74381 20934 48702 16226 47879 57028 62470 21340 29878 47593 69696 77684
5510 13
66083 80974 15448 45455 23029 61620 49426 63147 67104 69642 78494 77436 64469
3755 15
36632 89399 93679 54060 89386 66021 69000 1719 93419 11814 98204 63749 6167 79379 84772
1397 18
17529 14265 45733 50055 83582 56640 1422 62582 13136 29597 11232 73566 80506 18788 92248 95221 66665 36689
3568 14
38570 66803 1417 31134 3120 9324 37582 34112 5430 38169 20511 15600 40438 99956
4535 17
77091 28322 69520 66425 25667 36600 7516 58582 4879 96236 81877 60973 23752 57008 17603 59703 30949
4215 16
2736 21730 18783 4969 46303 25445 12790 89433 67456 64071 99574 97864 71012 80542 9327 72899
4473 18
42415 4317 53865 73746 26005 6122 81713 50259 71325 49167 23389 43064 18569 91984 51623 80782 50710 77021
9404 11
7960 95816 11865 91156 35453 7255 39069 79211 61003 99267 53876
9613 13
58365 79775 92883 37744 32315 20025 32738 67630 71390 14945 52099 1287 48896
7571 16
47873 32320 86307 14748 78861 84042 77627 14527 25497 46106 50211 38860 94825 35514 92146 98311
6229 10
76302 75827 28422 81657 24198 14751 61540 8106 10817 17584
4131 10
30117 90919 99152 75013 24381 41250 22028 27471 4836 98570
1878 12
28574 48646 44655 84076 11468 55740 18070 98695 95668 54475 39007 33312
8139 15
57494 67726 30109 54522 68501 56432 99605 98805 12427 8074 69867 93749 87734 10964 4255
1432 15
44014 43667 71266 696 74840 39239 92158 63003 84417 35888 4996 39998 26297 67751 1554
7368 10
56298 83691 14375 91433 40763 15296 10925 11093 18208 67270
61 13
83635 10448 30734 22628 26630 270 91850 91434 4280 78493 81777 99911 74641
9027 13
80014 57018 65839 672 33279 66363 7339 7881 32154 87363 58873 65327 16771
9833 11
74638 74124 14706 60218 13060 63306 4580 29207 69354 33929 42595
5227 11
47732 7672 83714 81167 46717 62742 40790 93187 33407 74622 25082
2126 19
91307 15433 24695 2994 83515 37437 39045 39158 5152 33272 46775 80042 18221 79908 75921 92653 6266 16653 14772
2657 19
12476 24266 47663 66936 60851 70935 67057 20372 29608 68893 46433 83921 86839 36709 69036 14268 32792 86153 42175
5830 19
60649 78489 12702 23539 13259 72476 72903 38494 66515 78890 31295 24291 6634 69900 66499 72095 48468 88894 19095
5912 16
58401 15943 77245 7871 88435 63121 99381 14229 56772 17694 36075 35156 13665 55233 96622 4145
1029 9
2582 19794 64097 79024 7468 15258 90196 25966 55391
5585 17
52702 21281 96805 22256 21611 88662 74742 19380 32575 7655 48826 54001 8062 47944 72826 7109 82005
1996 11
63868 73587 26562 15683 24317 69113 33775 67027 34632 40074 83088
8582 13
95124 26310 31680 60342 49047 36499 73331 41460 90971 78272 56004 91550 36362
8254 16
71939 13658 18461 67518 12813 51557 21884 88947 59811 42451 99576 82031 81783 10821 494 31572
3764 18
51167 85103 69583 56429 71135 95518 6181 86064 75741 60695 26712 89748 84960 69806 33508 6290 76664 4642
9108 14
67184 69876 97664 3767 2947 44442 42463 87785 10878 5784 14044 85237 45545 21047
8893 10
66601 1543 83218 53488 38000 90842 41848 40824 94973 3751
2848 14
31963 69102 58578 43702 98293 94845 33192 77165 28308 28054 65442 74347 83820 50366
2943 19
89074 42824 10040 34734 14627 36728 35038 19155 56395 38998 11954 4916 61497 68429 56722 68857 48077 8051 90985
3719 16
98025 81004 47367 34807 37449 80832 26483 7953 41713 74216 89283 90708 38987 23489 97039 94938
6916 12
11809 72127 99970 50484 73880 52775 69602 41285 30454 70456 28824 1234
9566 10
52477 57624 65721 48216 76358 44518 60741 85657 3302 41865
1948 15
51547 21221 44912 85158 90682 44627 62011 21302 39560 47299 87494 27621 80843 99273 55184
209 17
60658 75416 38726 54832 89752 19526 36786 9672 47957 52117 81360 91281 21104 19323 82894 38465 61380
7881 12
30489 8436 94115 69356 47235 30549 40758 27882 50018 12040 95013 29647
9236 13
64176 72734 53779 99826 15880 87922 37187 14078 23296 50004 83624 7733 6993
2752 14
30093 42004 60704 22563 17569 1151 72096 48863 9004 17011 7666 14001 35519 87812
2161 13
85231 60933 8541 77726 35535 42313 79403 33316 54735 11177 27813 90603 29731
1033 9
22592 66969 1227 35570 59925 32089 54274 35336 80585
7363 8
40816 91931 47600 15437 30267 41293 16559 2912
5272 17
37152 6228 26000 54677 14946 18631 83652 52185 49264 37339 38740 37519 79790 44610 8396 50995 82744
8792 8
20600 70303 38764 70023 54232 6357 22102 89532
4257 16
58095 73600 65801 91091 5321 65145 22045 28104 65285 3987 59638 18776 91908 39280 71915 62159
9686 17
12234 58585 1739 19857 67539 67202 98885 18898 4984 65300 92969 3052 66874 89718 91702 29417 65441
6313 11
93797 31659 43265 78987 82829 67578 11942 40845 71033 55835 87162
7731 17
74564 70586 71930 31608 22107 6507 32855 36559 30295 4279 72130 52336 19993 53230 3217 89097 63158
81 9
50496 46586 36541 50891 83633 84897 10508 13133 44840
9206 17
9756 8040 93372 43191 90445 32035 78700 65255 65888 66370 32482 88659 74688 84488 21079 91019 90619
6774 13
84050 38245 39533 22542 40200 98285 76463 50380 74660 61113 43990 55026 10616
9793 18
22105 33714 89104 35267 34477 62251 66386 66722 41565 75649 86745 79106 55245 20778 41827 65939 49750 45172
9081 15
8893 82682 3001 1161 31591 86117 34619 93266 71966 55774 27930 51304 56624 36605 37630
993 18
37640 5913 15551 93522 98506 73163 73605 65658 98571 82869 96099 1939 76936 61584 62743 3923 81791 83276
8632 10
12150 56100 80526 77491 84600 57931 15455 4011 14281 43668
5117 16
81352 84432 8709 18535 3822 6466 4056 94198 57577 24745 99375 96074 47619 12315 23603 99343
7407 15
71967 84012 99915 65910 88573 17054 56070 58136 75113 18397 5091 72956 90246 46170 41471
7652 16
53348 16089 16043 73515 35866 73199 66157 22512 98632 32608 8014 98678 2600 93978 13887 30400
9110 9
99103 78629 8444 67737 54757 93603 34898 4345 84142
124 18
24621 24050 73992 27245 14060 95809 42217 1761 15639 22781 19998 50535 14797 90452 15396 72008 98554 59965
5184 9
52462 81290 84137 86390 20590 64904 16570 50275 49202
88 17
92257 9925 71517 64710 83567 13921 16584 30039 87879 95943 15842 42841 8235 85299 83687 16004 96717
545 15
73812 92644 17382 189 99679 51933 20104 93027 64705 64244 17348 38565 42165 2617 88597
1048 15
51088 48944 2777 9323 80509 35936 93924 87605 2719 98940 26530 73942 36777 46095 40363
6977 16
66128 32183 70449 71114 50143 34286 75975 32393 26326 17293 1942 99975 97203 48057 70124 99006
3999 12
97302 65489 13657 77440 87352 3733 68419 12382 98584 34483 51204 22678
8101 17
85863 77330 7489 18975 19326 44892 25853 27883 9825 4386 69595 87425 46390 8586 96290 69837 87912
840 15
7307 56240 4366 40919 31436 80058 27925 49731 15538 13123 80803 12625 24554 11608 36179
1868 13
26663 11514 31924 62025 61130 16181 68996 57376 50201 96293 57160 23550 7898
5045 13
81929 91510 69841 96736 19538 74295 15487 47278 22951 8168 5722 16030 59458
5374 15
33074 40168 84393 28992 50546 61236 86331 3151 82644 73312 10324 91279 75704 68019 91574
3186 15
15050 64921 31037 33520 37262 25812 11697 12675 5550 12170 15814 96963 9898 4252 13938
9265 9
33298 24823 53397 91487 68331 82736 67953 48707 58858
2143 12
15678 17145 18889 34395 67372 79592 87144 21511 28330 86761 98833 21501
1642 9
60376 27676 39035 40340 3529 44640 33251 32091 80174
7470 10
30834 25892 47689 89688 60595 58776 24953 99819 97382 14340
703 17
86055 73064 49338 23091 66951 89033 56745 36614 70286 79756 49317 45427 10282 39014 97238 73048 75982
1873 13
92516 81407 29783 83314 96876 14302 21409 91002 34416 83188 75354 89584 87217
3623 13
51326 56935 10805 2417 54320 53344 75668 18974 13622 50416 89642 23510 74106
9564 16
78145 39193 32607 38194 65091 4400 47827 70424 56167 77329 94564 87438 92259 89514 36491 69604
5810 10
28584 21603 86804 63360 61998 92677 51085 74309 74884 81225
3493 13
32542 68032 71261 48878 79389 31492 49994 23106 83639 63409 74805 95775 65913
5761 15
90886 19707 82127 82537 22202 13204 17367 70757 59747 7101 77951 51586 9465 58848 84117
3993 14
47019 56292 58199 92861 21837 89549 63237 57768 4313 22861 60365 50285 90129 43520
3794 8
61049 77809 73939 2033 59590 67482 64506 9590
4101 12
2013 840 65631 92118 16166 39838 8983 65510 30611 37650 97993 58277
3080 15
81404 69934 20809 17256 74341 87054 3671 31796 64673 78611 40481 6733 31977 54164 1883
6900 13
70957 61143 95188 26881 40778 31425 33507 30226 17678 49873 65779 56122 84837
1985 17
21711 53075 17474 61947 21684 79703 44967 75766 36762 12654 85728 46771 50199 52897 21898 72046 77460
5285 13
2419 88880 33018 41032 66260 64457 26087 669 31780 84286 39323 17578 83059
2236 16
12799 93004 26994 58895 60291 16931 25116 95706 45872 80946 31343 94236 69618 39620 24184 25362
4026 11
398 57601 9852 15377 8548 94401 77408 79079 25243 86359 97985
868 18
24532 71352 20414 52243 47902 44131 17941 98580 50525 50252 89428 42156 55200 38056 19436 48775 26508 4022
5551 18
2017 82686 16393 42531 49872 40140 25876 2528 53504 96884 2612 12935 42489 29773 99068 69726 35382 61909
3246 15
56250 92785 65762 60922 65952 17430 89760 16692 78963 47320 87941 57524 76156 64095 29981
1989 13
61260 79182 39893 85142 89037 24761 80644 60870 97175 51836 64154 53033 70849
2652 15
63502 48851 9734 65446 65701 15734 46407 67212 63606 81516 91425 44178 31093 76209 22805
3868 16
88866 35657 15235 78867 15483 8246 20585 93556 71860 77797 48204 36551 14853 79373 45565 38492
6387 11
85082 78762 98934 96352 36080 96160 47331 16104 15951 29687 24505
787 12
93804 28454 28770 56648 68117 26830 58404 18196 14260 65673 28862 44816
5718 17
93061 53266 68563 29476 39330 27344 60018 20684 25210 52377 39284 81412 93423 33169 28393 71653 31360
984 18
5364 20155 38364 55512 64584 3149 10131 98443 62866 3243 78657 26821 43392 43599 29093 73305 67207 99627
7296 13
49203 79028 9476 11285 77828 51538 33372 23355 32866 2547 36981 54115 12073
3340 15
89643 82696 96673 54815 23964 77225 8177 76201 7453 31484 66710 34884 45755 46621 33191
9616 9
86840 17570 99815 1364 75156 7556 16417 78190 26504
637 15
31175 33750 57881 63248 53337 69260 40066 86656 55018 36630 85689 27172 81280 47643 76965
83 14
28287 31628 96069 41578 72666 13463 65409 68141 43912 83179 85294 80483 17989 20825
5438 13
94553 87397 98 68452 13272 41381 44812 6373 76256 89930 49632 60056 527
8628 14
92518 10086 58598 90841 31738 19720 47784 78777 44180 72673 70325 25297 63623 15373
1679 12
51344 28976 19995 68538 25432 90049 6282 57066 96725 89694 72933 20174
228 12
88076 44984 50459 74918 89338 83972 17954 92786 95860 71514 39747 46001
3637 13
84024 50052 84656 84154 81107 51291 17408 99429 71024 27755 62546 91186 68597
6821 19
34765 13254 40424 1631 64475 6120 40734 65710 47392 99232 74059 38721 85849 36401 82842 95339 30421 2614 93884
7843 20
20265 17796 13585 31208 40070 5667 9698 99266 45791 15016 3970 75591 40884 44404 31352 74467 42817 77573 38684 9526
5890 13
45170 21303 87132 51014 54564 2906 38068 86418 6903 59698 74252 21789 60359
9761 10
91084 54689 97918 97684 74259 28058 91986 61586 3750 55044
8536 11
46383 24795 76757 48124 69885 37942 22722 72420 29653 47251 96280
7493 17
26660 83598 79072 99864 87541 90060 85267 52915 63839 85796 48977 93534 50461 2100 78279 90439 7072
5970 19
80688 72150 9378 99293 56309 80479 19756 1606 75568 1673 84228 12873 7717 46606 4283 23151 79238 30275 36938
8449 14
14558 20646 45138 28274 80146 39740 8130 1067 63841 79160 6551 88496 150 18333
8736 20
21646 8865 94262 80692 49650 69455 33504 66827 33706 350 38512 16084 85576 11859 90079 60008 5591 51427 24446 25964
9540 9
64100 76067 69550 40796 22506 15348 3354 15073 99580
239 14
71350 73369 70868 72392 9766 98361 82499 1599 18522 89876 18200 37133 49031 12443
180 19
22770 56086 52970 71005 98128 862 79716 20863 72660 75870 84541 97815 53633 57753 65750 31588 87213 35394 54866
2901 16
21422 6452 19814 20707 32616 55482 94766 67673 88634 58807 13741 34002 32970 85111 71126 55760
7351 17
54109 67279 72240 58439 61674 34023 72391 40042 38075 13311 36168 23973 14182 22850 3102 96421 28531
2837 9
35309 91512 94003 93926 70238 43769 57761 99704 42141
5765 11
68457 4691 88576 21176 65957 54227 37791 89199 15756 6430 86956
7937 20
32944 58431 7517 48614 78805 4329 81827 13847 48712 50105 34861 92731 97092 79984 74379 3015 12807 3518 12068 62239
5561 18
78902 86943 89336 22333 83556 56036 45745 16694 95691 22956 46088 19769 60024 62957 63862 77839 88233 66602
3874 14
47125 92240 87298 59828 97508 99161 1910 51644 9095 59962 78658 95847 7225 97819
7832 15
99004 78646 11811 32507 14872 64794 77079 78684 24496 47075 1796 94405 72378 53372 79924
6493 9
82563 75107 88148 56683 17080 80393 92547 95151 24233
2329 12
40712 29778 41841 26570 63990 19110 22363 61537 66853 32615 39794 15360
531 15
7034 78402 56604 85631 99920 43461 5982 28723 93849 41102 5906 39441 78964 16345 22239
5471 16
65498 60059 92558 62953 69600 90653 31354 54303 85226 33430 64136 70949 24670 67905 14515 44193
692 11
4886 56621 90631 97672 41331 50658 35671 39837 77999 41089 7015
5292 11
30212 55383 35718 63012 6050 79406 18357 68171 94883 56218 70906
6079 14
81771 15659 16853 80276 77000 76709 22024 26665 61223 97034 49 49798 51612 10997
6924 17
71058 52515 321 21608 74778 914 11872 72342 79063 85194 17326 72444 35243 79444 74130 28224 437
6618 11
78488 45396 23316 96378 25153 5349 30485 54774 69228 43613 30986
4445 16
43752 62825 56712 43633 86879 77720 60268 59127 73055 42766 32619 96486 73735 63365 88140 14088
733 17
79180 92724 39705 55817 92955 49094 67770 13284 65928 10133 76251 80266 83833 95415 66261 27665 5837
8177 17
86465 62193 37076 18057 27778 61129 12332 34772 72882 12082 15824 47292 19949 68303 41349 30779 42461
4236 18
18928 71976 48622 59741 5946 57619 87071 93326 87281 8116 8349 53937 19151 64831 18658 96879 82187 56437
2664 18
52093 54995 84514 69525 70202 65434 57718 47150 73448 47589 80596 57976 96111 73485 91693 60287 30059 39531
829 10
55346 64598 2020 87347 79013 57872 84083 71741 11202 26965
2986 12
14964 42996 94600 90172 9746 5536 75541 18884 10776 36128 79125 6110
1682 9
21978 71806 15285 53116 78983 30759 64179 4814 67791
5395 13
2381 46964 88841 83636 14443 14431 64446 84003 29861 91867 55325 30319 25769
4364 13
21995 61301 70129 34699 15208 94136 36672 34216 95358 7404 30905 33386 48440
3202 12
40153 53811 77943 85328 40329 14449 78302 62991 91975 34677 33477 22439
5532 14
77124 9624 75618 36759 45150 76154 20449 84803 81458 4594 70554 56444 8841 99553
5811 18
85320 74557 27102 6893 35642 45346 50897 25826 17872 73954 99537 13126 74209 1668 30850 72936 97719 72787
5836 14
74107 21366 99548 93283 4677 47206 29522 69869 16605 59628 29682 11646 78095 15179
6109 9
19931 1178 71786 93430 25854 12003 61318 39924 89884
3267 16
31347 19951 74437 21116 39327 74502 6432 54747 30344 37906 61801 32751 16456 31974 91120 34595
5547 11
3379 49370 50578 71951 9153 79694 89992 77659 83536 5500 35887
2276 14
16594 49600 40974 53887 39529 60061 28198 83080 75298 80809 50057 59168 43859 22235
5437 15
58359 29133 62156 75118 39244 63416 40517 90727 10326 36537 70941 99313 46209 49865 37541
8923 10
58545 81985 4086 73575 60193 62108 18916 52393 84962 51239
5357 12
30926 28226 86311 61566 49688 23666 2897 29070 41159 14299 41964 86499
2928 15
97630 84448 67282 16309 16159 18109 12157 57257 31414 82132 47749 63149 77931 83392 63521
5607 17
87884 13976 52916 40859 1577 47916 93808 59715 1237 35592 99744 66512 1411 49891 2953 25977 86135
8648 13
33752 80463 5663 61228 31855 85459 81295 92903 41666 55376 40446 25704 15391
8447 7
66747 48818 42675 32208 5819 27837 30631
8591 18
31632 10379 50910 84079 55863 31112 79328 4367 30074 78446 94483 64419 92938 60267 60237 2595 49613 58214
8572 16
12537 5616 23157 22464 61981 91093 96767 11908 88489 82427 99978 29877 54514 35534 53430 83108
1844 15
95886 84941 6335 67733 28593 32769 92028 98585 3226 82730 22883 69508 67700 54363 19179
5233 15
26521 16523 64931 55260 55282 47707 1232 25607 93476 68560 59516 88677 78256 33531 44879
2865 17
62769 15962 42951 37273 23953 59338 22468 94145 59061 54150 25546 39714 96130 38450 72684 49230 78982
5375 10
77236 85931 36742 93957 45291 17446 62983 66440 13374 88229
9506 16
61131 91177 53947 13325 54080 28035 82657 2253 55571 95401 73120 64272 48747 33125 52150 24168
6745 16
62429 60746 88542 47585 69744 35824 42366 780 52664 52174 44584 61366 85155 49435 26657 69730
6485 12
76283 21521 11795 11652 97158 49367 99457 32274 85135 67793 86061 67371
5833 17
36749 92834 32656 79243 18789 20500 87141 95441 474 7966 88336 56234 71847 78707 59226 36829 35847
3586 13
57227 71835 69041 69328 44102 40780 7837 5869 43105 15365 86665 74127 66498
7096 11
14081 74848 51471 7263 56709 98137 59961 70558 21657 37822 11788
2991 17
80187 71546 18985 82300 90602 69656 35481 465 85266 37044 60312 11897 37961 44075 3424 5604 11800
542 12
90563 98687 53334 56865 77058 15560 88830 12927 45750 85408 60895 35954
8929 16
37874 70591 23364 88611 80953 83719 79702 8213 97094 59330 36171 83843 82811 48174 10441 92262
4749 14
81797 1428 38677 3103 16155 75299 82221 56596 44007 21535 57605 13811 26268 61905
6743 14
44681 32687 7377 86606 30014 63411 54489 5617 28607 7930 49522 54070 37829 46518
7838 14
41456 59223 32256 4101 76370 81182 23853 44332 34832 10875 44970 34154 3645 23441
1137 15
94733 49198 52467 23843 73122 32799 15617 53183 49964 181 41013 38498 89486 75813 86110
2708 15
82422 96552 14008 96343 58419 73774 34517 28024 74184 39506 42940 56282 83932 37677 75651
3248 16
11308 2977 42666 21240 84944 39905 30894 61461 48751 75845 78913 49707 8989 43382 40135 21954
6623 14
31681 49504 89744 26996 96838 31814 60235 25918 2008 2855 70799 33766 27997 4384
8261 11
69785 52714 4281 1120 14258 4423 91973 78430 93877 36050 13211
6841 13
36146 74315 56925 9220 59651 68119 27150 84903 58045 67634 295 82596 60697
3678 17
10529 79816 7032 74726 76329 59509 21110 78677 62688 47403 61464 29646 85429 82683 89351 63738 53732
8958 12
35279 63505 60861 406 59386 19992 60567 55120 9150 37090 68824 55618
3548 11
40089 7620 43615 85798 98495 18494 15037 49240 69461 72581 62046
72 18
78903 86298 89314 46450 48253 11162 4881 4102 54942 91784 59615 12452 17698 60433 38635 16099 63639 52737
4563 15
4685 90525 60440 77153 89260 9803 34839 77888 72835 57610 13028 33076 98262 23443 50753
3094 11
62188 10417 96483 41836 91141 19811 94442 70804 72753 26457 4876
1711 8
77518 22263 27128 86544 87749 45685 15797 67380
3597 15
95110 43268 15572 44464 11413 10118 37962 76133 26650 84345 90342 12667 73670 55285 59146
1145 17
44683 92360 716 71788 54659 53901 34165 39667 63745 2219 75302 50228 47602 64874 92706 20870 4974
7123 14
47465 76394 74271 55105 47314 19489 11158 19726 92478 22177 54767 57584 23095 43848
5037 9
50488 98209 33357 85819 57049 21942 51738 14221 76941
5626 16
9981 49590 610 74101 27757 53661 54965 45758 9483 93882 14116 13809 29967 25575 78273 45489
7734 18
95387 92277 95683 76638 73853 108 42257 25989 59922 16254 23806 12479 47672 90738 41152 70372 96541 10068
6931 17
41818 57961 90877 87390 4312 27447 68001 48385 93251 85003 42516 18835 60052 65683 93763 73187 23377
1164 14
99830 97734 12671 8251 80553 20004 42917 29232 99321 72200 73021 62806 13120 73124
1241 17
29536 35438 7283 31753 25953 22364 6017 32832 86125 58465 64170 38480 99029 90313 34500 47856 33262
2608 19
17701 94767 70583 49034 37863 80164 11918 79658 63594 86940 54742 36745 34119 56123 36770 99212 54180 46504 54120
2317 15
20878 87402 65696 82056 38890 66434 85883 10806 70890 41224 32673 75328 15438 60074 61382
9421 16
46482 45779 99889 63456 86837 58262 91362 83448 2690 92428 24786 56960 38279 33784 50109 50353
1178 11
89008 48268 12982 75044 9460 74286 89497 81685 52611 91795 54152
585 11
68035 95338 10728 47000 22158 90553 28778 78187 62068 40085 75655
6232 13
93005 79311 66470 94921 94613 11405 19078 94076 52136 39407 31697 33573 24693
1789 11
69302 77689 77289 20399 97752 84132 88868 30775 79708 20616 13792
9312 13
88158 34322 5353 76324 59080 77836 93431 41740 95765 88418 70382 21840 20782
9423 13
36085 22882 45286 49658 90895 87100 54992 5340 29518 73513 36838 23440 12736
7634 15
59905 68475 19427 2837 14300 98006 30971 87371 73185 79794 7308 79671 62194 43729 6752
4213 10
24738 77531 28342 79678 26825 9895 46208 47974 29636 16057
7938 15
10721 84520 31559 18653 11659 60873 58252 8861 66329 95008 19572 70697 48540 91861 79245
3413 9
11789 23259 7166 56065 46956 82597 80404 70750 93981
4402 9
12941 59661 92752 56187 94612 47813 28026 31459 4185
6427 16
58856 62995 52416 2848 25164 83845 76053 8433 19623 57032 19349 51994 93618 434 27721 29195
2973 17
34945 69762 98433 33853 14497 14362 37616 34494 48717 25017 78862 12163 33642 18578 27393 61101 75883
4582 15
79193 88897 60147 82478 36441 29228 67075 34486 23834 93482 25238 28841 86592 78386 98085
5642 11
93260 94043 35781 48781 72079 14285 49797 12160 61093 79255 66818
5172 18
51447 57499 78612 52269 6742 17102 52564 57587 40985 22553 863 71104 45727 8430 24432 67828 5955 32583
2590 15
59603 58315 54953 97615 34053 70859 83513 78111 45635 37688 5742 48875 24522 66541 81087
9095 14
75822 3621 72812 18313 37934 86290 12473 93109 49484 14246 17192 86613 92928 20395
2614 10
99384 88518 40388 15457 15353 87271 25308 77377 57051 23991
2535 14
91013 214 6673 42348 30238 31798 82376 74586 89687 84923 69875 11668 71440 91069
4970 14
54697 16374 93042 92407 1884 64532 86094 25864 65783 50590 22227 78106 78365 29620
5853 16
45690 74745 69503 15189 86337 95766 35992 74376 40237 98161 7334 52055 26098 78738 71022 51319
2778 14
53630 5212 64301 10732 12271 6688 13424 95289 7237 11107 75312 5981 66600 95839
8070 11
39913 9028 66976 81476 56742 59182 93400 96632 45026 28071 52774
4819 10
31965 81331 90984 557 60756 60731 99325 84548 26213 63796
3707 14
94335 59239 77984 32128 26731 766 36584 73730 10101 15299 22587 69122 38976 57803
1037 16
91667 36246 59078 46511 43317 11076 89697 59650 90410 17608 67113 97148 90382 23309 61415 86998
3313 17
15087 29810 39101 78315 27001 16056 55400 69247 61534 27145 76838 97791 29372 86764 13500 15393 12670
3164 7
49782 7633 61670 72596 31190 67484 97316
6076 14
18577 66935 8076 73316 90393 50101 10124 20059 19881 98737 88709 20161 16963 31939
7494 12
623 10857 41288 10663 79302 90878 36353 70468 51017 76735 4463 85508
6185 15
43886 10957 64503 88182 94908 13777 85140 39140 75533 1550 81670 53631 4259 92901 49168
165 16
77458 56855 28355 37089 6338 82111 76135 81958 78600 57068 71402 78531 77356 91426 33518 88798
2557 13
64183 57927 36464 41614 88848 88147 37269 11910 82808 12946 36888 71911 72443
2504 13
449 34013 53082 33155 70525 86931 83227 56410 7223 95592 370 67989 48916
8912 17
36219 5735 53735 31202 11771 61440 51355 23631 24608 74752 48048 37555 69852 33840 67082 76800 51469
8624 8
16149 95528 43169 3347 13968 68596 61292 26914
4170 16
24690 78045 62164 21707 9654 8546 56800 84045 22287 52006 39584 83717 62841 1918 80354 61321
6228 11
11952 40575 79731 79417 82742 49933 60978 3471 91247 86229 87492
2049 15
8173 3273 98753 8094 22890 32306 13156 49714 9086 60204 13521 75571 8782 79668 20983
673 17
73053 37068 58881 17215 46508 72520 50079 96349 29444 44256 93437 59134 42583 92933 20178 4694 65306
6470 15
52430 20950 95501 35795 18006 97803 64147 52709 81962 1076 22269 90831 1969 97384 28558
3529 8
92291 75927 1810 25057 36293 80431 31928 65857
1569 16
91751 47136 13592 97917 28729 81231 3942 45485 82766 76920 73389 13479 53708 90907 88716 30870
4430 16
44228 62452 81339 52219 68883 55012 1557 11400 92534 12679 3216 58755 80658 73238 80369 93730
4735 10
48100 43634 2503 20641 99949 81961 15065 76782 85302 99664
497 17
40653 8132 59708 46498 3046 79292 40055 24070 49529 84593 9524 11399 4623 8779 68662 29094 6820
8789 14
24347 6281 91749 83654 41094 17282 65250 76610 97977 18094 77856 53495 16147 66495
4631 18
80045 80217 9577 43970 49982 98260 49649 66446 52408 56132 15196 40434 85608 74390 6866 489 12505 63708
2595 19
68600 24051 74434 65394 6211 14294 53077 47277 7402 43589 20237 37988 99774 85163 21527 32210 58789 56102 4574
3852 16
77060 38591 83839 58777 48069 187 72242 77869 53683 15380 60599 40172 78232 30191 74830 9965
5082 14
93467 70780 40477 21451 44216 45331 30904 7318 13119 8812 15071 24117 95536 60503
3822 18
78375 74827 65501 252 54795 44602 289 25858 50770 40501 649 99707 11854 31244 13488 53 89133 21122
917 9
97211 85545 29121 38274 99771 3449 44084 33126 60729
9809 11
7458 91995 81683 14461 76882 23774 41078 36806 8225 57612 23340
5426 15
72585 5925 19950 48107 28081 75702 80817 89167 72459 51907 8856 55517 80783 45328 94840
2819 14
53398 37738 73219 94870 3543 84131 84230 70051 11173 30728 37410 66875 43177 43189
3626 17
48568 12872 88247 93048 35013 43673 83171 93140 18769 64512 71046 51156 97070 60051 44095 71871 47103
9200 16
95783 40998 49335 23736 5786 75076 72874 26733 90870 81025 59635 15517 8628 13319 23611 21877
5251 18
94299 93288 22508 85841 2522 37939 63971 31270 93210 35004 15934 8981 51366 32822 92759 23934 77620 21237
2976 10
57087 71809 78019 67248 96358 90825 69552 74210 92701 38303
6826 13
44766 75337 52131 41184 46958 6581 98963 56931 18798 49952 17486 31516 45341
5565 19
4315 56005 51182 79310 77462 5639 91866 72878 48934 68023 95217 14332 3209 64592 29798 66873 70688 39586 70730
5933 9
95523 56989 57640 52059 73147 7410 98996 33213 67783
7987 11
54411 25794 19943 77014 83873 7106 9875 44951 17843 22739 10682
6956 17
23222 24652 96357 69003 51266 91610 39583 9618 35034 65207 17917 41029 4121 51478 53783 44889 95428
6209 15
98836 56753 83615 42256 55237 94080 65669 31357 73196 23915 4664 50002 60849 4689 53650
322 12
37233 22915 26229 52127 65870 72500 6746 11553 24630 98762 96607 47789
4246 16
79660 9858 23821 8708 4405 84822 32000 66005 44035 53527 42037 38259 59780 67222 81796 64689
7261 11
80930 42784 11531 9894 56593 65000 44155 88509 78525 1049 69987
621 12
43914 70418 44732 34869 97480 12449 78237 43214 60228 71051 26690 42478
2339 15
84827 69216 65811 86162 55998 93801 48621 82212 88562 13989 73062 98479 16402 31604 676
7658 12
8891 20970 40645 48988 6353 16453 55638 62112 25900 47815 31242 82620
7274 16
28536 41077 99322 56897 11288 15416 67335 13037 98846 79949 97279 65962 56510 70856 37253 37224
9724 8
72055 9593 18668 24199 52985 50861 89926 43882
4506 14
46480 38358 68459 32001 63107 98349 69560 48250 39993 93152 7121 5368 88297 9268
2786 11
15562 29626 88803 99560 7537 38790 72419 55427 25368 27246 34993
1557 15
3194 2858 11168 5566 64895 5543 85028 49134 8127 13668 60485 657 24504 69284 23294
2671 11
82516 20662 14228 14101 80477 15463 90416 44181 35286 8859 37061
6793 14
5382 79152 6450 33019 42097 67385 11329 35889 19311 77295 93306 57183 28348 17817
8043 15
34280 88094 79888 31106 87615 40060 61488 88933 95448 5351 54046 20583 10975 41525 76339
6314 18
69453 93868 85291 94703 6555 90467 11219 75 89015 59288 51302 80367 55216 54430 83103 24415 28450 62765
2585 13
6786 34582 18339 11139 67056 6193 17454 33351 66719 26261 2636 9928 98609
8180 12
61325 28946 41992 78188 54818 52039 9612 2533 75155 65147 50585 98201
5100 16
70299 3203 75251 90513 32501 81289 3095 8513 96189 3664 63229 57302 46790 65914 736 88881
4030 9
79414 86330 77577 16822 79646 40679 29839 91076 75412
5931 14
49252 96836 99511 9728 40080 44063 27522 96216 25042 49678 65322 45909 33896 17093
6940 12
69993 27468 57710 73925 39870 42102 79244 9446 6553 26739 58983 60078
3888 14
31181 65978 48997 19790 36669 53145 50173 50971 49927 82433 65341 14061 72634 52605
5664 17
90558 48407 99451 46966 62042 59453 89379 79939 64089 71750 23238 56387 74449 23990 26666 35355 6082
1453 20
17714 25123 54983 15385 56190 28208 24651 38811 66733 39332 49749 74243 1339 59341 61255 12015 70749 68226 51412 22832
8910 17
61520 97575 94724 92261 32055 87320 56663 42750 55435 83365 35807 26215 22611 81603 19559 19798 13132
2222 14
6515 86356 50365 80824 96638 35595 85718 91389 52052 58117 12172 50142 34229 14026
6423 16
6832 40246 95350 95909 60935 7116 51462 64766 77451 59936 10228 83681 28524 9657 92164 29438
9638 12
55763 68397 54948 61154 62090 655 53284 48586 84531 45336 15986 937
7666 17
57985 59732 10829 83744 71368 43543 72848 62577 23158 64442 4587 74893 67198 35764 12676 6528 7657
4963 18
99629 28048 34875 28802 47826 32355 21883 62023 61153 13355 21360 67334 36289 99191 39937 44372 31380 42460
9277 18
1677 75269 26618 1404 17950 82049 76296 24431 8730 95698 61344 85535 32901 69537 16941 98478 71851 4990
9486 15
25214 29781 29916 88042 144 96171 85828 42294 1142 3667 13021 47863 25217 50136 81616
2165 17
39897 5751 15537 41707 31359 34551 58770 30023 31140 14905 34105 66297 7075 25994 34557 83067 42089
3342 11
72979 65979 39507 52081 84123 4931 49654 44990 9122 9498 96178
9960 10
54985 19578 87648 72481 10159 81485 72726 6102 51956 64334
992 12
78950 59591 87036 34783 81467 85969 58804 61062 97559 96724 98770 99374
6679 15
65843 32194 80781 31872 78144 67448 29223 65611 82681 47119 35817 83887 72151 36508 55721
860 19
17683 55020 77123 69340 27050 69766 61696 87905 92223 38013 27588 92083 57249 38587 15935 75781 3974 73643 35691
6517 11
94997 68098 54157 30237 48405 15326 21435 96553 56846 82125 47637
3593 11
34994 54417 67321 86790 4356 93767 97806 43298 25849 63730 56321
2497 14
65230 17597 10644 80191 81091 30941 41298 89009 2357 95546 66535 33888 86828 11387
4381 20
21975 38669 40460 18215 75947 3505 1852 49126 46161 24950 38524 81256 47841 58217 4894 89736 1734 31979 50195 54841
9432 16
2249 98418 56335 17858 95835 11634 11793 96975 69921 89583 34357 76675 1915 36104 16250 42127
7191 13
5609 45325 33140 35312 19977 60405 86154 39828 84098 12118 20961 55622 97099
4977 16
63297 11224 11548 49185 28301 24860 50638 67647 37896 65947 16293 90518 29970 67010 28157 36862
9315 9
13578 57019 96890 45363 66798 2485 915 6 32713
8260 12
8391 43255 81941 63560 47005 35133 92119 2337 83122 75316 59725 87805
4072 13
49199 82737 24964 82192 45975 79313 66899 40813 72640 79547 20232 68899 27998
6874 13
78806 42765 61356 44065 62996 9055 1395 95838 90385 38894 50412 59062 59966
9285 13
65242 5962 31541 78262 31449 22749 31286 97926 95510 29181 47155 5194 91577
8890 13
63102 6725 5858 26620 15643 98464 79810 42631 29939 14151 30752 3650 96640
7349 12
59041 85279 79362 33490 16892 31597 32445 80668 74246 84314 79401 17422
4201 10
81159 479 39389 86555 26927 81993 98822 5013 58652 64755
2115 19
57393 56546 631 52372 56731 70698 30329 67550 40196 44940 50089 82299 3811 72783 62652 36470 54155 99988 28285
1316 18
2024 8399 54062 76036 40854 47191 91966 42573 31724 11195 53426 67807 9602 16101 27652 88579 39821 16199
5873 18
51111 71845 49162 80581 64148 25664 54746 72106 10884 31494 34432 30683 68214 76811 97334 11228 45383 26816
3981 14
34633 47001 29189 15513 11556 21890 16378 53195 24824 8408 29157 4900 51948 28564
3234 13
23146 68210 33474 78255 83097 56990 93421 7000 33830 22305 63563 16414 82700
3998 12
30958 50288 19932 94628 4051 57688 71934 88054 97779 64979 89508 91337
9934 11
40644 85896 76048 31611 48939 61475 13865 42785 12599 50954 74498
1085 14
63683 27081 21633 88890 77679 53453 18908 98300 11454 84303 95588 80169 61092 62317
1824 15
18005 15316 72932 65226 8572 30186 63962 46666 33502 22845 29019 59120 24816 93300 60722
1425 11
68541 41816 74273 90989 24556 55771 82434 44715 74693 71125 61665
2890 10
60955 53382 58072 64427 8520 58129 58257 87869 4120 59460
8095 14
90214 90909 59218 56953 66163 55875 17722 28981 47435 13218 16669 80424 92161 73611
4933 17
20954 94648 67725 26933 92209 14509 23819 26349 8786 23748 84850 20475 12876 1839 17651 79686 38428
4677 15
60333 43563 44563 5862 72469 96475 28087 89654 13292 21688 71682 53479 86628 12029 98754
7846 12
72941 29058 61950 73521 810 1542 93122 92497 72588 73347 6579 51674
3933 12
24292 49539 82143 78372 32098 59807 82366 3105 50800 39183 15878 3364
4680 13
28371 7321 19316 43850 15998 41969 72904 44996 58662 71548 45456 95462 18243
2111 13
29311 8110 26952 60105 43759 41618 6653 47961 10258 38453 6578 5996 88323
2705 14
2852 97524 62448 11947 74749 11972 71973 60232 30196 9652 38713 16779 13044 68061
7516 18
32105 4378 9207 33682 23092 8639 91721 72832 45618 82512 54684 70559 8224 44872 35605 73740 46465 39664
4097 13
50909 43288 52444 81083 75174 75944 15629 68106 79743 58574 76441 35897 8825
5281 12
85487 29553 10224 60825 86086 53940 33046 22276 14677 30916 5775 99717
1168 16
30282 62748 19358 80615 68517 38444 53642 83412 55040 94911 33938 35846 32721 87332 19266 25875
6995 15
65061 95925 7997 82356 31004 79584 44045 59001 91388 64793 19352 36061 59224 31952 10252
245 17
12185 19063 26545 49980 74282 42277 9366 35988 85377 13505 21775 43905 33358 95513 21579 93787 82311
147 16
85475 37898 25669 55169 37483 53926 37740 14550 52718 63425 19749 94927 22178 10586 35845 88118
1234 12
75509 52546 17433 64852 63135 92287 51252 90492 37480 41240 63663 18424
5169 16
94276 77688 12931 31372 9265 49902 56605 7598 96286 32860 66741 60266 84648 55356 26720 79585
949 17
85340 66774 85625 51721 16433 81237 96095 35429 22710 46937 29480 27370 44036 8189 75318 86022 83829
354 13
875 43612 7916 40715 36524 30651 27463 96198 25768 12881 31721 91603 17591
9460 11
22338 72555 66906 87693 87181 10043 3868 19632 60724 27752 43007
6792 13
29429 7163 18607 71996 28459 74662 5277 3160 52189 37289 56258 60785 17248
7833 19
48921 80729 81100 15040 75439 28263 27970 6455 13335 25955 76171 17284 55296 951 65603 77924 82706 28929 96292
4397 14
58227 62566 70596 57816 78149 18659 1045 88370 10042 47282 61075 41856 5263 27853
6215 18
17113 4949 29973 23386 11421 16553 94148 52762 4744 24129 2140 14576 56408 67089 94517 45216 49415 96662
1939 8
23542 7946 30426 68505 75122 83143 18390 28572
8793 10
81521 73535 80599 40743 20512 52159 58865 64717 84170 56029
5849 17
1608 97553 99523 2889 49834 44926 19152 79817 89578 13806 11766 80951 45652 45671 15950 45274 80858
339 15
55575 72357 17915 46187 86688 37593 13498 34201 42160 43697 69372 88088 79228 27942 77635
4164 14
87460 40738 44932 35906 4947 4903 31466 83030 32376 36802 5488 29670 91515 83957
1910 14
75890 38706 10968 90245 17618 11762 90311 40637 48246 83784 77121 44994 88359 4959
6188 14
83244 1470 63904 6076 22434 82998 53838 45607 37085 40909 31166 35967 81763 98498
4116 12
9338 40454 52495 28986 19149 61807 30546 67788 14922 36488 70766 10414
3865 9
44454 15987 21619 56930 96823 90434 56899 92300 73034
6343 7
84505 94160 73914 13754 1179 53687 34845
9336 14
31985 4034 50935 14610 18601 7095 66404 89465 77454 95682 18473 70375 98817 69072
6781 12
56883 44882 66942 75125 33356 83563 72207 42422 69092 15685 42456 69261
8843 14
62185 75867 51046 50624 58949 39604 82538 41602 56130 30128 78685 26685 6612 41879
8763 15
65966 13273 73956 6208 41317 3320 51074 63834 77666 52351 80982 25170 38179 49038 77786
401 18
76985 17057 5896 76566 13170 58449 2236 54414 4749 45239 13769 26745 61483 75380 48257 37875 88244 20960
8902 15
33301 22675 45112 94621 22065 32830 18407 60157 38268 42818 24014 40132 39516 45574 96807
3997 14
17696 58924 95705 19091 61833 51323 59100 91338 77846 96706 5721 80548 6561 27923
1044 13
60239 32697 36160 46398 51997 46663 35191 47616 72992 14907 60159 2081 60633
3607 12
35202 33124 44785 57568 56818 3480 26689 71238 83853 53176 76851 27064
6490 13
69855 24487 93640 45377 16691 37075 46536 8044 89888 78454 20182 73963 91003
9028 14
33839 1506 37017 90292 70946 18377 69008 75877 27682 83450 51723 71195 9170 151
3947 12
46971 40480 18930 29341 50385 92530 6863 12650 55870 97418 70178 21316
1176 11
17553 92171 91262 7382 85015 35942 46632 57842 84570 38649 63336
3553 9
34662 85269 64438 77845 10148 5665 17902 18201 56077
1579 16
93672 39878 59515 73818 40009 49895 34295 99489 96928 30629 86624 37612 5971 611 29930 68764
2162 16
93034 31645 49668 54504 17961 42376 81610 63614 31401 84861 54449 81932 66269 35593 33165 44531
2131 17
39127 40821 96117 58267 57250 32293 28303 63610 30118 96149 83882 5323 4950 98680 60033 99241 70660
8831 9
935 21173 92109 73255 83003 90428 8156 60767 28394
8366 14
92987 85671 28568 42380 10967 83581 90808 48329 53228 6347 38146 65423 87384 57116
1803 19
11354 55820 66257 6187 40407 20220 4746 88812 99296 99959 65450 15430 29714 49557 60834 74092 90642 4666 39287
1984 9
41551 29613 12902 33464 33105 92038 32744 60456 80178
5519 10
51651 24010 83437 365 15397 19901 73965 50803 51519 1821
7830 12
66809 64497 43505 41142 83384 7133 85147 52375 21907 51238 89960 34488
9054 16
11539 82773 32564 136 34054 95968 78437 33939 31147 84455 24491 5049 83144 69410 7915 73214
6351 15
73753 26668 18778 46906 74066 74275 51928 8897 99222 13813 43451 14747 65804 6557 57843
1274 16
54462 78981 66288 23872 83511 48214 60824 93789 61181 82843 41491 43074 4021 27435 71581 65240
8300 11
33813 54196 41532 62377 92704 73038 31408 10836 51039 15770 9754
5805 10
750 60441 10948 44922 42579 11382 38167 17515 42416 17082
8138 12
20108 96157 72141 45672 77636 67623 36224 88287 14820 66280 42854 13542
5254 17
86005 19128 12758 7143 3033 77475 56441 56823 36272 41281 16734 28576 54325 56542 37471 14429 76406
4149 15
70515 32801 27816 21724 7599 91343 52101 38224 87792 1008 66456 76588 57497 69457 85027
977 16
51661 57082 59726 47026 60321 15137 4854 20231 11836 80977 77463 30726 81745 55702 82424 85982
805 12
11921 75569 77582 50790 63022 47300 72013 44657 97775 50852 87849 27115
5397 13
53613 46379 25888 53554 78555 3816 71639 27789 5699 77282 94475 15078 73351
9461 10
87580 40413 8414 78587 4073 40090 87140 63315 44422 35751
9700 14
17492 58324 83823 51515 2329 88315 19420 64634 5373 96534 8632 57491 10710 57461
4380 17
20565 20263 82752 43103 66833 52213 38621 93492 44273 11324 61185 42963 18963 5229 46072 45042 21474
107 12
79550 48205 13672 92509 52031 18315 11429 33607 2626 50847 61850 11806
7217 15
73827 39816 63234 52813 26071 60144 6572 96348 10306 43719 81395 90888 30053 29793 50363
1488 11
5672 94462 22695 39288 94939 1762 80258 32887 97224 14619 37975
5785 11
55510 97065 8518 13117 2722 27873 98075 51998 45889 61578 743
6060 9
93867 58658 33014 38156 82043 44028 9960 86675 2388
1340 16
48422 79385 26338 29399 66307 7179 83278 2239 7227 11220 46563 56105 9369 18235 42587 70815
6380 13
96388 80460 22929 80653 55784 62129 43186 64808 94526 87093 39333 20074 90161
9548 11
5328 33079 12593 79741 42365 49282 76966 2920 87321 90100 50610
2054 19
92636 91659 1710 6185 27668 44097 85047 64013 64706 45711 15150 57039 78222 78287 80293 59767 2201 93387 38213
1923 9
26537 71859 23612 98448 58861 9757 51298 40123 99277
9872 10
46559 42558 51849 47501 91580 4537 60493 32420 86685 56111
8587 15
67325 62910 76951 56007 64378 35465 37892 96446 44756 2274 32612 61852 79082 75555 39498
1965 16
53425 59542 98994 84680 16874 41962 5083 80861 8328 66213 35886 12248 77409 12158 82661 84494
4496 12
65932 51627 92646 61278 53580 54582 15628 93963 95947 86869 2210 94856
649 15
13206 77560 1987 31071 6013 91100 77909 16961 57234 971 61901 64470 43976 67689 57763
142 9
23765 27708 52504 70926 25320 72905 41397 69776 29870
1708 15
30200 47750 16336 97263 30138 67395 79508 63266 45679 73555 85474 42746 55210 13969 5363
4724 9
84899 70830 45997 30970 89948 93002 61668 27207 10120
4355 18
55999 62148 73320 57430 45052 87950 1478 7753 56024 50139 81916 51294 98644 28851 13807 62132 47254 60822
693 11
30884 79029 18233 77061 24973 66704 66038 32671 84908 39490 52967
1970 10
30317 80411 49785 60718 92429 35806 71777 60864 22341 17137
6893 15
86137 22644 4230 75829 25011 6665 22537 47187 80059 96605 69038 95392 84211 80312 95732
5942 14
28518 16285 38755 7265 75667 97150 13868 36810 46122 4449 9609 84071 62284 71138
3692 17
82410 79850 19130 73131 90684 47666 32145 98199 74905 10590 32337 74701 33892 75346 58050 54316 27122
242 14
20744 36153 19002 23468 395 70018 45438 43269 89742 10942 17280 86949 10820 98978
3944 10
31866 21773 39648 64848 31687 72868 71849 20268 340 45395
5525 16
28392 73677 985 25763 3297 53555 93457 9905 2694 75965 60775 37553 77308 51593 64360 91800
8644 13
35464 73627 76680 22724 51062 68386 89898 23452 34877 26767 53074 34444 30861
5697 16
70873 31031 87577 1121 55750 95299 20694 22237 66684 80194 87279 71978 24566 85458 15736 64853
9924 12
67034 2702 11346 90976 57076 93209 3698 87739 78073 73168 79192 83587
5267 12
49017 75161 92067 83759 29287 71531 16034 41858 63954 96472 73352 73395
2079 14
82091 87837 87813 10174 47464 49627 60294 65350 96654 24382 58472 72866 87657 22275
3622 16
17987 4741 17060 1945 95080 22725 90636 57909 44900 89331 42567 76681 66237 80674 11707 12239
8808 13
85293 27847 20779 59169 10910 55139 73297 90628 22126 86280 27576 99876 46348
6413 17
15895 20582 33949 53383 88614 12944 6571 60965 60710 39469 96699 35510 63176 45520 10539 23107 43820
5760 15
36200 35401 58642 25516 31579 69294 28307 10971 56581 3841 44614 32273 1536 63832 27303
3293 16
17869 68393 64583 13828 32674 88660 85539 60315 39321 59861 16870 78980 3090 43686 83761 73889
744 18
44928 82185 85983 64813 89879 89986 94161 98329 49069 26319 58535 1518 27823 87698 31502 25780 46198 48801
5953 15
89540 62584 33711 90777 90068 58369 59927 87234 69857 26652 79189 88388 82883 48585 69588
3871 16
93037 83757 34264 38562 67022 52692 98821 67314 93465 36057 6198 86380 2283 60672 29774 68647
9507 13
61625 22639 76685 37861 426 43700 82357 50520 84733 38469 13243 107 46675
6597 9
92021 53302 15458 7440 65480 88275 61254 3198 97363
8488 14
38326 69767 45522 84875 91683 52721 3389 12973 57569 12162 74067 73183 60544 7698
5291 14
84149 34906 61936 57167 59522 76501 84620 70384 38170 28149 56315 90668 14817 65915
657 8
39742 7188 35060 62073 18766 28948 27863 42847
8008 14
71377 50829 61943 33914 35381 3839 38386 93520 86370 765 69382 47538 78634 69813
7452 14
33899 75969 22522 55173 94579 68860 70818 17398 70801 44527 28031 38193 87337 73154
25 9
69060 31263 8959 97951 60620 87786 28562 5898 87370
3361 13
67403 51374 92981 38025 79171 77554 3279 74536 20578 17232 79038 96936 31219
8613 14
50683 34227 89288 93189 54571 9037 40149 90998 1713 69355 84969 63359 36244 46159
2052 16
13676 51552 23868 35474 24808 47943 81526 9021 17373 19915 67938 67046 41650 23671 4242 3675
6285 15
10892 26159 96251 10521 50044 41241 94245 93151 14578 86520 62169 24073 32485 86974 83809
1504 19
89495 53279 27272 73289 60114 6788 33029 48312 55493 5201 87612 81801 76629 36228 10783 25159 95023 12996 39026
7674 12
13561 99203 83532 38030 40955 92671 96371 96548 34604 22822 23230 48355
2911 10
36056 45330 55406 77220 48983 75257 90324 84762 49238 56723
5842 15
1085 81263 75850 45024 15721 35085 30743 1847 55790 381 57271 26470 45334 70508 45704
2294 12
85540 99894 47418 92426 74073 91611 26254 98046 13299 54335 64423 25286
5392 11
46929 67987 59234 84161 68698 43071 91267 24569 94717 25586 80471
9795 18
82816 40005 63213 20885 76529 21612 27957 51869 21198 17117 43506 66744 91990 41804 76716 47305 20434 65418
9353 10
37027 31682 70253 81804 42507 20075 93341 78811 53825 4698
3415 11
55114 76940 51104 11174 9039 61919 5836 68213 68404 57367 56476
9810 8
53684 72649 95564 4726 53669 7955 8905 93754
4892 13
41906 67902 67747 84002 27342 91660 53588 42322 99600 92278 62575 23298 50779
6724 10
61454 66109 54142 63341 95077 15302 90183 85301 55452 63244
6794 9
58079 64947 20271 22895 94962 61900 3069 23957 60680
6860 11
57414 52009 73758 60350 52824 22766 27106 40502 89647 75756 94084
8404 9
13529 38866 96954 82120 37115 91728 36801 13368 58196
3399 15
28034 35814 10465 82928 40973 31740 64165 36676 37944 48438 35323 19469 22569 61191 76703
7309 15
3127 96155 75669 81415 23223 96211 55667 9204 97897 21771 52877 96743 41459 92775 78598
