24
98 100
7623 11304 9577 16796 1783 2475 235 945 12323 2471 10676 477 402 6106 5415 7198 773 2284 1466 22912 8192 14601 9503 12324 1801 1846 10257 10771 18748 273 11524 9990 12330 497 7595 1225 9987 262 6583 9917 10052 1693 9782 22911 9074 717 8715 20193 1328 12393 6309 13633 1880 23235 1551 11992 2408 2450 38636 1784 1285 7669 2663 19146 150 2376 12462 2866 1106 1747 789 2720 11895 1250 10107 14638 14102 14481 7692 754 14097 54993 9588 1723 504 1300 13557 1705 7592 7181 1854 11435 6091 2732 2483 12359 2388 6016 6143 11998
900 89
16594 17813 17269 47577 17275 25244 31584 10815 16715 48049 31353 26744 31348 10304 20931 5572 10209 47369 32248 28110 32307 17114 17248 45965 47801 7360 28075 10007 17534 46841 2693 25238 4318 29687 17392 16570 25481 32574 9052 17066 3342 16874 25246 46838 31909 3080 33914 9794 4296 31801 17566 31269 4316 32250 30204 9842 3055 17439 26468 28631 3920 26943 46178 32260 46945 32273 9133 10383 31717 4195 47198 31228 17519 26399 47235 32304 3402 24541 31939 9845 32295 28211 94781 47990 26761 29536 31938 3273 30598
1506 85
42117 38648 24264 44801 2083 34545 32186 45056 14767 32421 37278 41092 24776 30085 30837 38602 30898 37516 31351 36799 47624 47708 94769 45087 45405 36686 27854 27384 6028 37438 31744 28551 30353 25341 37440 45024 25858 24246 31940 32289 42255 27356 12698 27234 46128 38703 36185 30973 37846 27447 47711 45830 27355 12899 42125 31434 30330 42297 38275 31578 36120 38074 36861 28172 45036 37016 45012 14510 38229 24310 24677 27362 47745 8652 42614 31352 27269 47490 29147 6259 32599 31762 36726 42191 27266
1398 95
28635 34375 14751 45997 18280 9623 34355 37384 28740 7628 21785 37605 9656 18231 33363 1605 19168 3245 2506 24544 18602 40709 47499 46088 12969 24973 7571 28874 13870 5517 26604 39390 35689 29892 37506 24641 18236 18385 47237 27051 7612 46519 8990 24 24553 46017 18056 47749 18212 18250 46679 28904 3157 45973 4718 8086 20523 33369 3257 16728 41875 16516 1611 28900 47483 1625 60357 41478 29146 4031 40697 13008 24537 33353 18184 8846 15521 46234 41625 1645 47900 46947 5099 13127 9057 7361 4853 48006 7572 37191 8803 26332 6491 15855 33996
780 87
37879 3004 12859 15383 12684 10884 39977 2841 42506 13069 15713 42848 39898 43775 46707 1076 40420 39870 1152 2701 2380 12998 40572 43782 1804 12994 15698 2447 42347 40325 40521 15727 12086 1064 1040 15248 47779 43673 39894 40497 46863 15909 39871 1055 851 45035 42287 1127 44546 17230 47780 4749 13136 47505 2049 43912 45676 40027 12951 47524 40309 1103 1052 1075 16222 40853 40213 2643 1062 16257 12126 1102 39882 47886 43902 40564 39912 20072 14312 84662 15254 47730 16393 47195 1122 47668 47383
467 95
12279 34683 29115 27304 34595 13254 33877 15747 33888 35224 35609 34286 33885 31476 35825 27368 34247 27322 12232 15873 13393 27303 31308 31356 28721 34092 28875 16313 27506 27787 34265 33875 29656 25065 28674 27413 34415 33876 34678 12657 31322 27414 35535 33844 34295 28718 27247 34844 33853 29068 25023 27287 31539 35303 34643 27421 15792 29009 29589 33859 31451 31547 13402 26688 15746 32470 31483 34451 28920 34040 27270 33108 35577 31222 28946 27111 34639 34038 27405 24021 29081 26790 44733 28760 25015 35206 34679 14748 25048 15982 92958 12823 34039 31391 25098
1885 78
7405 34450 33843 28181 2331 12666 16331 32691 12759 241 44274 24959 1904 22334 15562 331 12448 43430 15539 15174 9398 10437 2823 330 36810 7501 12647 44664 271 31306 27516 21906 37734 42349 44201 36500 23835 20292 33689 38443 11751 18330 35369 34488 9250 24840 11775 12681 23465 21996 18834 42908 11445 37085 29874 44238 72485 43627 23276 334 17030 12555 37126 1979 1890 28789 15816 390 1121 13464 43857 34047 13739 203 34472 8488 36587 44052
295 71
36737 22303 12573 36992 38026 16883 37299 41743 21976 41636 8892 41332 41120 14403 37318 13452 37337 14669 21810 22198 41231 39985 41035 17917 14364 40608 40247 41813 17004 23881 14927 36916 13541 37417 16995 35243 37139 37367 39478 14441 13139 37120 41643 22092 15807 16873 40996 14863 17075 37083 36909 37101 14055 22327 36964 36993 36954 12939 40662 22188 45332 12760 39375 39153 22287 39959 14298 34045 80556 14672 36862
1410 85
27399 45209 27404 41113 46181 41269 45428 26803 29519 29216 41510 32383 40142 41172 24453 24608 27098 26486 28838 39905 40063 46161 47908 28809 45922 27104 47449 46028 27295 26942 47954 47755 35979 41058 45402 45153 39877 71706 47896 39926 46024 29578 29534 39928 26511 24777 47546 28126 27429 39965 47470 29657 39914 27446 32499 29586 25240 32854 36018 40442 28928 27742 44480 30486 39534 41411 31021 35935 28855 30597 47385 41699 40732 27556 33896 40046 47719 27570 25779 27187 29907 28813 27776 27133 47513
1682 81
43978 43950 45267 45265 9682 192 64331 10780 42234 6675 45637 45165 8615 10570 254 45284 4881 45605 10582 44506 44358 45288 42728 1092 42730 2260 42720 45262 44075 42638 45420 685 556 663 957 952 8944 45290 45261 42744 673 949 45270 9603 45647 43878 45123 1297 1842 961 45501 45289 44021 2527 2992 7768 2285 47191 46403 45596 45454 9595 44323 18721 11584 37658 522 10593 9619 2120 43887 42537 42313 678 10871 45321 1786 42519 2315 2515 2753
211 71
38162 30843 26183 36440 26999 32208 45100 44320 26135 24312 26839 44823 28464 44751 36249 43616 36256 27684 36740 36224 32755 31239 38407 28011 45221 32733 28472 31233 33084 45459 31319 31232 38966 38054 31772 27015 32763 29488 93544 36214 41647 46293 25528 38416 36626 29067 26163 46923 28447 44326 33384 45190 31366 28445 31103 41512 31992 38153 28831 25842 25005 25312 31285 36569 38482 25269 36260 32855 47468 32223 30692
1866 61
89591 14583 37932 37368 38186 21320 43653 7532 30309 44109 2091 45050 18069 12903 38291 25103 23596 22605 251 30703 18249 41725 40541 24110 2420 8205 33987 23996 8039 35875 38225 24630 1949 1253 19035 40867 24071 34399 25577 23232 1697 20830 2303 12888 2867 41329 34226 21673 41136 38102 31503 6157 13445 22058 43788 2538 31996 24634 14874 41521 38778
313 72
24780 23663 12532 13058 47241 71575 23338 22448 42907 28253 28450 42309 26099 33558 35015 24499 29895 12044 28344 44811 6758 23918 11847 6322 6038 12978 10238 13067 16459 45339 26700 13783 23477 29178 13963 24172 24678 42197 24906 28637 46851 23431 26805 35308 13234 12329 9938 26573 45495 14185 13021 21717 10013 7100 11646 14930 42488 6168 29065 34528 6735 43099 35350 27263 35252 42808 21765 33530 46405 27534 26779 14286
1712 59
12152 14814 39908 5583 9644 23049 22565 2176 7382 3996 23124 3962 22916 10019 12243 23125 12259 2221 12303 3955 16450 48801 22612 94 9440 22793 12221 8440 22633 860 12155 23009 288 12099 22893 12226 3972 4010 22948 22574 7985 4017 22621 14242 12897 22887 2183 22768 715 3909 8221 12192 22956 22585 18795 4002 9508 13998 7467
1771 96
18164 9210 41737 6301 39628 14817 7238 38753 21627 18258 59798 9125 39605 18168 6020 9536 22140 38883 8063 9520 38194 12082 40200 12148 37066 17035 15010 8000 42049 6213 21223 6265 37485 38758 38105 18890 41646 39524 9496 38771 12062 21564 36968 39221 39062 41751 9516 38889 18229 39151 12033 41323 9500 9180 9473 13881 37471 7908 9323 21297 8537 41380 8011 9693 12076 37562 8065 46942 11530 38914 18431 12035 8052 18404 21066 38755 39353 42027 8056 39753 9213 8064 21656 7991 13876 10026 23644 12269 18196 22483 39527 18200 37565 38781 36996 36851
1232 74
24672 14568 28670 6762 3172 45356 28297 4390 36912 24549 11198 26730 36812 15941 4405 39542 46358 16779 12358 4482 24464 82646 12948 46893 27515 29201 36111 3689 24721 24794 27379 45441 28607 28628 3862 4761 6770 41945 38187 6875 43577 12171 46092 24899 27923 15664 7112 12449 15637 12971 4210 28581 25018 41141 24844 7274 28764 45590 24584 14610 44180 36898 15709 37476 3857 8523 16527 39995 39771 29565 3561 6913 39493 4046
1740 75
45395 45618 3062 45991 45150 22217 47957 3181 47275 43401 43326 48081 47201 45792 44939 21845 23710 43171 48083 20209 43383 3107 19686 5167 43110 46388 46155 6177 3549 8208 6595 3377 43440 76903 21855 48119 47978 6261 4139 3028 18247 6967 46203 18420 20417 47387 20071 22107 43175 8312 18569 22346 45404 45058 3134 22866 47531 44822 45022 47429 43392 47535 10032 45071 23189 46295 45517 43905 19123 10936 46467 43322 9260 18640 1483
978 72
27697 24524 31591 21133 6975 25074 18876 24424 3285 3591 24955 27635 25291 27636 12581 13947 28005 18239 5580 12151 29710 35065 3322 34618 24920 10821 27603 27524 24399 35942 17936 35234 10541 14153 3304 32291 15859 13676 8073 20446 35957 27640 3284 32615 15420 3250 12879 3226 7164 34999 27688 14666 31728 35390 32294 3381 4301 24140 35400 34794 24949 6205 27615 51377 24911 16121 3206 23742 32070 10685 22062 3271
1349 89
35208 31975 7261 8829 14295 17500 18003 31998 23573 31770 24170 10666 33283 7443 26840 24349 31706 24369 34874 21462 24281 9820 13537 8595 14429 25935 20495 11571 34101 26655 23422 31707 21655 27131 35393 29704 24308 6507 24801 7464 10401 32066 18336 31691 23690 10674 14846 27461 21467 27406 10195 29849 32064 32082 28435 24305 33477 28163 32056 24675 15136 27886 34889 29632 35016 32020 13679 21451 31984 15314 9178 14335 14400 14318 32059 76262 32898 7479 34808 28724 15105 16119 9514 10246 29676 13730 34956 34949 33325
1861 75
26934 41219 8225 27790 26205 36969 7104 602 1921 38031 29855 80043 44282 38536 8522 25751 25767 10011 14407 17560 11113 609 36990 14369 7713 17242 3415 27424 44185 43914 25386 36877 43629 43853 13050 2551 14457 45467 7955 1753 37046 4391 16645 34512 19096 17156 24769 14311 7689 17494 32253 17776 16788 44523 17873 16606 31492 12570 38929 36131 14442 14381 6768 40149 17390 44063 11656 37112 14397 3891 10981 59 14525 8030 28847
1109 61
15740 31226 27282 46777 46670 27473 47423 21313 12094 41755 12366 21019 26377 13609 46826 20874 20950 46810 27283 25326 23239 13791 5456 36749 27302 20567 47830 37889 20933 26401 26512 20958 22767 48123 21308 47252 16425 25313 17612 25359 27134 20936 25196 12385 47966 12693 13324 26335 91637 38453 485 20925 29711 14082 21298 29210 21758 605 23656 21538 17989
170 67
47561 43997 15213 17475 24644 9098 7363 17555 12554 33476 24884 29722 40352 5905 27740 35760 29574 16287 13896 3407 4920 28125 32296 31836 47568 15187 17372 40499 5545 13892 13170 30534 29613 9226 45736 25643 28925 40321 14103 33511 19625 42869 15201 1566 25253 29725 15202 3125 41202 33187 33606 30205 45878 90009 15050 11498 43482 15120 24518 5445 9451 33807 29517 30889 18045 39538 39811
261 40
17927 5500 15240 4542 12607 37031 46271 27398 27196 5472 27490 47754 18173 42599 42254 44630 4566 27360 46839 3312 31022 27155 31009 36966 46061 13799 20922 14268 29011 5975 46069 20313 25838 44650 44888 27530 46884 46963 13347 46132
175 27
42369 20740 7168 18641 9511 42422 15275 42447 41932 16091 40072 5566 40044 43060 45845 41461 4756 6822 2439 21246 15273 15928 16961 41620 2394 39418 40282
