12
1771 99
18164 9210 41737 6301 39628 14817 7238 38753 21627 18258 59798 9125 39605 18168 6020 9536 22140 38883 8063 9520 38194 12082 40200 12148 37066 17035 15010 8000 42049 6213 21223 6265 37485 38758 38105 18890 41646 39524 9496 38771 12062 21564 36968 12044 39221 39062 41751 9516 38889 18229 37440 39151 12033 41323 9500 9180 9473 13881 37471 7908 9323 21297 8537 41380 8039 8011 9693 12076 37562 8065 46942 11530 38914 18431 12035 8052 18404 21066 38755 39353 42027 39753 8056 9213 8064 21656 7991 13876 10026 23644 18196 12269 39527 22483 18200 37565 38781 36996 36851
505 96
20670 1184 1031 25923 845 1207 991 996 22642 26835 779 24506 25547 27827 1370 31873 46926 20795 30404 31738 14257 30390 33677 31606 26384 12472 27748 20888 35673 1413 35767 28930 1061 27788 21946 17608 28767 15111 1013 1363 22688 1128 829 22680 1131 22660 1482 8533 29444 22820 21129 24536 16835 27416 27965 973 29708 12085 29664 28859 20786 2990 1431 1379 29877 24657 812 22602 17397 31632 27933 30229 34996 14982 21009 22937 32936 31376 14719 33785 23063 941 33534 14707 28787 990 28404 33567 16371 26085 30753 35409 993 768 26275 24592
1187 98
28811 40678 32786 44833 43846 27148 41359 44561 41349 28676 33796 44852 34005 40746 43384 41339 30656 40758 41193 41214 44896 28136 43643 29610 34059 44599 27769 25877 30024 41644 41175 35466 29119 40691 28260 44757 32818 30243 29930 44888 44914 34618 43884 30939 23782 41100 43760 43825 41351 44664 44596 24681 6924 29094 41135 29901 7092 40903 44880 40670 44843 41097 40665 33782 40866 43976 40961 45080 29986 27401 44970 34094 44731 92084 43640 44674 30874 40907 41317 44878 36027 43647 40940 41153 32013 45021 33072 33186 45507 44741 33896 34260 40712 7236 44943 43845 32855 29161
344 99
8772 12289 17500 51 14790 17870 14667 7382 17928 8091 12981 356 13069 660 12831 15238 44871 4193 1743 8804 267 17914 8836 12508 2921 17499 14906 81 6458 17926 6592 8 17531 15933 12779 6536 14766 17560 14805 15455 915 94057 17882 16833 13116 7484 12386 14349 12461 6544 15620 2631 8008 13039 6868 14819 15334 18023 14705 8748 12974 2142 1770 17935 2003 580 14664 14793 14570 6328 17464 6124 15479 2894 13209 7530 2425 6423 12413 459 17886 10387 2277 12861 17875 2726 6331 399 8858 15172 8671 2828 8920 751 14354 12803 12435 14496 374
1874 96
12893 24373 32209 21255 32232 27403 21300 34082 22998 29430 7640 31709 11173 11295 27075 25589 26330 34474 18784 30996 34404 33861 3376 11155 21359 6372 8943 2525 31934 31476 47 4092 31924 32148 28159 32799 19238 3341 31758 13228 20213 26088 394 8204 3357 19652 29230 26502 24960 29704 15138 31261 13777 32290 13485 12758 24095 1880 4150 31926 27040 135 12631 30235 12046 31883 11464 22898 34480 68 11029 4279 26990 2113 29359 1372 12836 12184 31309 28858 31881 12408 27942 2419 22343 32160 30861 25693 27871 13348 23715 31469 92705 611 32223 31026
1811 99
9282 34929 14316 13652 2400 15598 15739 13820 2455 1696 11882 14292 14293 9781 18829 16887 9352 2208 14320 2428 16214 9990 30056 16544 9398 15469 15618 13605 15416 9311 10269 12559 15585 10404 10082 15716 10152 16175 9103 9028 10176 12221 9378 9372 1923 1745 2354 10155 17139 13279 2738 9316 1722 2209 9128 1557 65310 2411 16238 13805 16268 2065 9876 1844 2141 16187 2423 15463 14299 14323 44899 16987 9360 13795 9779 16638 15648 9181 13702 17625 14807 1720 9219 9353 1943 15709 2548 14467 16168 14854 2513 1698 16469 14433 17108 2530 2438 2413 15625
1430 95
46991 42062 46814 27399 38807 21953 70811 35769 7520 4689 16127 40409 46968 37416 41571 1241 28100 37076 39571 37337 39122 6036 43616 27140 33189 32269 26624 36258 31260 15376 14424 46946 34863 17648 13854 36539 27384 15117 40145 36135 37002 40302 35723 32369 46869 44538 30883 25719 32774 27444 33236 26984 35442 8173 34130 30075 7466 34413 42610 43107 27680 33599 46966 25851 30805 548 7781 31680 30923 31913 46738 41872 24320 27147 44485 44616 45116 27383 31472 33288 16277 34266 30597 29604 29450 36199 41764 30795 30921 43752 47990 25263 30810 35443 24375
1195 98
32101 14611 14568 22565 12039 32662 25345 20552 8368 10409 20159 21877 43892 24965 20540 6673 37625 25170 7926 8417 14476 16024 3453 36892 22622 18717 42443 21725 14663 10374 443 3290 20687 35158 12470 3727 20358 20169 23306 6366 47069 15764 3343 7651 52772 20821 9 67 10343 18067 44514 6309 18625 21535 12387 7739 8426 1622 33043 23427 29499 10698 14513 954 23036 7483 3639 10831 8651 19049 6135 3268 5457 21632 18124 7409 7535 22689 11735 17942 38462 39449 34978 12558 22650 17365 754 22625 9433 39658 14381 8109 12750 40426 24186 22123 18362 22175
1623 99
18871 30411 35563 24397 32671 18924 38374 41169 3224 19055 10445 36828 20315 40844 36809 19037 7576 36567 30706 37130 18990 39135 5410 9041 37012 19500 36808 26397 32961 18885 40827 39820 9539 40939 20585 36480 30273 26768 32948 8044 26605 41207 6261 24135 7476 43685 10492 10503 19044 90291 15821 9555 19129 37566 40799 32618 25386 6654 7195 37511 30245 9501 20973 9513 9457 40079 26908 41654 4184 10522 30657 30745 20987 10487 24947 18887 7759 40144 9152 25283 10494 36662 19173 11697 19795 6927 9066 20163 10486 40802 26551 36548 19088 18671 36811 6461 6732 27542 36707
187 97
33382 1744 13912 28345 13243 17158 7159 24134 40640 33157 14136 15164 7002 18471 2240 6189 40657 34186 6068 46360 6067 6029 37590 18062 6017 12579 33330 23935 38927 44512 41244 6295 21518 79480 13991 45531 1756 34145 33458 35479 21528 2062 35929 12622 1988 18286 35770 43730 7243 21432 19855 41645 25810 13588 25571 2470 47597 46583 1551 16802 35539 18587 2057 28348 36019 34270 12844 25702 27842 35724 1599 24585 21599 21475 25796 15642 16830 1707 35390 24359 41307 1572 17533 6621 29017 1717 34314 24299 45358 36615 4330 28574 24646 13739 1797 45308 37796
1315 99
27967 675 28305 17269 643 15630 27951 29716 44575 16000 33377 1796 46030 44721 29595 4190 18303 18956 15957 28003 28017 45619 1886 1556 46910 27937 42710 2294 4859 28838 44365 47578 18662 45984 46809 45499 2679 3488 45318 29331 437 27939 943 28156 17277 42237 45926 42175 16474 20651 17299 18105 43598 4807 1895 29613 29618 45967 28099 27941 1520 18391 19252 44559 46671 47585 27924 3669 1986 22755 48003 9002 5060 46055 16842 5542 3646 28007 19256 29376 44822 1611 19347 28023 2632 3936 47235 45517 43265 28040 27055 29389 16885 29344 19495 2723 29384 46618 86194
561 96
30482 928 4492 37938 46280 1036 31678 4183 21360 43789 33646 20111 3083 45948 25705 25625 30276 37275 61597 20026 25912 18665 31949 25099 4236 36899 1051 43542 360 37431 37097 18540 1386 20495 998 40196 25879 46215 42452 20063 3159 1041 30213 30666 22607 30086 26046 30192 717 23220 22704 44420 33238 74 32468 37523 289 20502 21105 25898 22731 569 18458 22173 36890 22563 21048 36978 21212 4563 1647 682 31150 18659 25510 31646 29624 37448 32766 21727 18707 32604 18680 38653 20246 20579 775 1121 32992 32868 168 4646 22691 22591 23597 22828
