24
1027 95
22673 37221 16183 1339 39460 20159 48088 20561 27223 38563 30258 30417 15863 3540 15970 20372 33540 1345 1556 32881 41644 26762 65660 38932 47045 26397 798 2459 1544 41748 20438 14805 33249 29643 31139 32665 18630 2034 30876 39566 16835 46575 18844 7465 1383 35535 16874 16317 5957 26669 28346 16155 5316 46172 45197 48112 26439 4927 33227 31284 39228 20638 20498 31164 28589 31067 42088 2522 3748 30960 39922 2919 4025 36422 27502 3013 5576 2231 15979 30395 45733 30516 2710 2568 917 2600 39126 12295 27805 16855 27278 41331 27650 17722 5577
1698 87
3042 3789 4136 29706 46490 3785 3501 25806 1164 3773 93 3799 25859 16640 3585 3629 46110 4092 3413 30310 33302 41305 29306 3572 34364 3208 3767 34055 1368 1621 3505 1176 323 46500 47348 30919 24561 248 8811 38101 1326 517 33477 45834 1503 25911 202 30948 31045 38448 30330 107 46509 46414 3081 30323 3173 1410 3771 30650 40638 28619 3797 3901 71580 33358 45294 46780 33680 39 26179 545 3548 118 30554 376 3051 1463 25958 203 3769 3021 45218 723 30350 33900 196
54 98
12152 16032 39241 30579 45144 38652 3141 31043 13610 2240 12759 10915 12082 2630 33189 47263 12860 46497 41010 27811 2838 28260 12358 14241 23138 46391 17202 40451 16477 17183 47189 28693 14171 33357 17056 4282 16405 17999 8016 25011 27666 8514 37746 27664 30098 29456 25815 25850 33375 13726 46457 39092 2308 12526 26056 7919 25738 35900 12506 16339 16738 37979 12793 38544 30251 91764 16046 47532 38711 16830 45839 25256 45346 46447 31941 16142 27227 28746 15171 3383 2773 16074 13188 39430 34813 16732 15983 8652 8545 3581 45875 30224 46113 14248 24699 46089 7213 5941
885 97
3117 35208 11713 35625 14947 45693 16218 3236 8162 4986 33712 41082 46517 29679 19104 35133 41214 40864 4252 46065 40610 39812 9100 35288 39949 35222 24501 39466 17909 40692 3058 4892 47821 39940 40655 18405 32900 7287 15396 41889 31243 5380 3061 24934 14962 16305 45894 29141 31513 40931 30272 13553 40715 11944 4805 10475 29219 13542 15126 40890 21914 41192 15007 33459 29554 19649 46242 83732 41167 7727 3066 45495 29165 19567 41202 33267 22052 41188 41230 15902 24995 41264 14232 23282 3011 15757 40877 34325 40219 3175 9508 11312 25098 41059 18818 31267 30863
1978 88
7003 18513 1881 1662 6236 19344 7059 4101 7567 1288 9171 5029 1970 9121 3002 19242 3955 1381 758 8554 9242 9967 7849 7699 6231 60417 7527 19229 10167 9114 1536 821 7597 10117 9603 3820 4561 1377 19459 811 4001 18921 9474 7051 1442 5897 10384 4461 21056 812 6300 6018 18569 4572 10183 895 18638 6992 1142 7596 8089 19120 757 19093 11774 19273 6055 1583 11572 9595 4238 6925 9542 4250 9980 5807 9132 4380 775 5833 956 6467 4056 46811 18433 9035 19473 9552
1668 81
6642 4038 4040 5308 6436 3124 13540 4084 6396 6724 6252 3878 23164 16547 4162 3199 8826 57223 16882 7830 8723 38291 6265 4338 4334 6745 4423 12923 21062 13411 21099 15418 23091 7896 6235 17467 15536 23102 3115 22633 15764 23033 21112 22455 21121 12065 15228 22711 23267 13847 16993 4026 21345 12841 21447 7194 13604 11868 22751 23065 3988 3126 14471 4117 12688 14095 7620 12179 7661 3951 3993 21622 3031 15116 23268 23108 6316 6723 16691 4235 13682
357 97
5058 36290 3198 2967 9682 39514 41184 3100 11520 48054 36518 241 42152 37177 36098 1087 40028 42754 5513 45211 41343 40608 47868 1755 43720 42171 45824 3155 47952 1316 172 42299 42147 45164 5467 40923 5147 45477 9872 46068 47170 37039 40897 8131 36185 44095 43733 4199 11674 30 47564 43764 1228 43948 200 3015 36428 8795 39446 23090 45536 1253 5486 42118 1664 11300 44097 41222 5035 39668 41187 1709 9518 47658 70314 42143 39441 236 5162 5930 36100 4866 43645 490 1240 41216 3325 5561 6903 36140 40264 45422 36996 615 47636 5097 42155
478 61
8829 9642 7943 31450 35043 24436 29916 30998 29705 9894 35355 24999 6861 3385 24933 29372 31426 10693 9570 3933 29704 3822 29830 1223 28889 24285 40018 7528 1612 34473 5098 31129 88730 26273 8883 25239 24389 31289 30655 24383 34643 29685 24939 29359 31795 15015 24365 4493 24433 9353 3490 6621 28747 9367 4142 25405 29361 15 31371 24910 31296
479 56
42721 47011 77377 45344 32497 15166 42818 40381 16153 40208 40663 4797 45545 39108 4917 43361 1995 44336 2126 18248 42399 26509 1781 27357 40687 1672 42585 4240 6557 40718 24751 39296 20722 15878 31828 5056 42470 27779 31925 39378 46742 17343 35147 41285 379 733 43571 4815 25380 4974 27226 29768 45527 43423 424 5089
693 63
42814 14974 41493 42608 47767 14270 1321 40142 16544 2462 18731 39397 40596 39116 42837 41615 7171 42669 42612 42253 42820 19370 42594 42229 3636 42583 5336 39325 40909 39142 39871 6312 39276 46456 41103 42658 14664 44361 8565 39150 42631 41281 42373 45731 42759 12184 42709 39936 5857 18377 41507 6064 8041 42584 39322 13773 73704 39119 43099 11424 42521 14858 42657
1380 84
2171 5508 20824 4872 18182 20805 19590 18101 2493 5689 19947 1319 26702 2550 71230 5607 616 7945 5311 5283 5631 20687 5975 17432 23174 5319 5736 1559 31340 19135 19821 19010 2447 5925 19653 2494 18930 5499 5536 16125 5978 5309 18826 18384 5302 20592 2309 20406 21013 5637 18113 20937 2684 16126 2373 18881 28153 13972 18823 5521 20571 5351 19673 5395 19787 1999 19801 25359 263 18579 19465 5632 5594 26374 5279 32517 18120 340 16267 19719 16136 1030 18898 5595
1258 80
32415 38687 30080 10095 36627 30314 32836 32068 10358 47201 16029 17038 28136 5100 16948 47708 16262 15070 43786 8369 7726 3973 22980 27181 32695 957 39178 17159 7241 969 76003 46872 11035 29810 44697 39111 29826 7220 11822 36381 28770 16334 8720 27968 37651 39283 21994 8148 29343 1458 46861 11047 7334 28183 15136 16174 46911 34426 19740 6075 4401 9961 30791 18437 30925 3087 39291 31462 16089 18202 8834 36821 11164 12750 39107 4037 11009 30020 38639 3571
575 72
4748 27212 22889 19884 27306 35864 23604 5048 35378 27075 24555 23236 19379 29714 35511 25809 35062 35024 31330 24244 4750 32461 24138 24153 23601 31280 24144 32545 22732 5217 28672 35136 35353 5224 35436 35182 32664 2170 5269 77604 32348 24199 14640 34985 4791 5433 28024 31523 22798 16516 30334 35390 8862 2419 13661 5620 35366 28542 35630 14996 24652 5129 30633 32245 47362 28064 28044 17319 12925 26080 13769 1900
807 80
26572 24672 45 28043 1138 34051 1480 33813 167 31307 20398 30718 6 3235 79977 3133 22725 25649 32390 29442 27514 22075 33322 1013 121 24866 24658 1299 3343 18958 32 31058 24638 25597 24268 27498 25272 29794 32927 30644 22767 24273 4993 27008 27347 3093 25642 34176 3745 22663 33808 30748 3113 27842 22655 47440 3226 33293 461 29875 34058 35246 29917 25016 21108 3248 18674 34334 1182 19530 5284 3205 29750 21371 11558 24770 34028 18850 25841 32292
539 64
42968 31809 32306 30093 31225 44390 38817 34080 40094 39164 30736 42189 37346 42215 42256 37466 34310 43079 30129 30929 37179 28486 24350 24551 42794 34228 38766 27176 39427 29656 26806 41323 35354 42204 27291 31766 27961 43005 43162 27144 27216 27585 30271 42159 42112 33912 39487 31590 47581 39110 88079 31635 38092 42190 42958 42485 42132 37850 42183 42174 33505 39885 37259 27319
1350 68
0 47661 47443 1000 36339 1478 14293 46835 13125 37396 38460 17539 3318 42907 16934 3599 36096 14287 3635 87767 189 40373 14998 4755 39879 36309 197 15058 3018 669 639 776 42511 45245 46725 7478 41261 42222 14957 815 17381 46671 3656 43015 42864 17397 18032 38210 934 43424 37697 40146 17189 47191 43306 2720 18591 12665 966 36813 42946 42302 40426 43000 42162 17626 36962 4997
650 89
35478 31687 332 870 1135 6348 30463 31747 329 752 8320 588 770 13273 31921 853 6298 31787 34509 31966 34158 1194 19111 34308 22088 35695 34247 32287 30496 35149 18533 31898 12577 34122 35579 32631 32142 31238 31749 31281 44919 34321 97 31562 32289 15258 13222 857 12504 18526 99 30094 34975 34142 35453 799 31155 30764 9797 1034 31969 15514 7965 30902 1213 35217 31765 13442 30480 30196 34134 36006 32278 11707 30901 8678 13120 918 35451 16315 12695 30016 76657 15891 31683 1077 31247 13439 2543
663 96
32454 32835 1936 1063 17905 41243 20170 36126 1626 37971 10 14288 40385 1666 5671 4379 1930 13085 30992 5643 30584 39386 39340 4372 637 12177 36638 36789 12043 32601 42070 32988 1908 41018 33242 14918 32501 14377 30081 36378 4741 32574 14655 41877 41404 40869 10126 275 32594 17278 4780 33214 22632 1966 12364 1941 150 15685 33344 4155 40514 19837 4875 36299 18337 32591 20382 17254 30268 30269 32451 37060 19900 40070 19859 8186 39887 89619 6115 34781 30459 44654 33426 33340 33143 40512 33192 30145 33445 33093 12132 710 34455 41845 18502 4418
1787 80
28671 25325 9314 24749 26193 24752 6053 26135 26139 25391 29595 26632 71131 25988 17430 11672 5565 12639 35673 16064 11235 25724 15652 3147 25384 3068 15249 4743 28911 24508 17121 12816 25595 4024 3538 26402 13107 13775 3253 26499 5406 10185 4534 44239 13778 24196 26378 6175 3388 8592 15913 25905 17338 15839 8584 8535 28714 26328 8552 12139 28787 28812 25455 5850 3439 28964 17335 25108 5411 23789 14220 25588 26348 24985 17424 25615 16542 25659 9404 5405
1648 91
12418 20440 13912 19100 18645 12452 20447 29031 20441 14900 33837 20668 91081 13409 21462 33992 26781 34500 12484 13605 23969 18589 20501 40619 14058 32864 37801 21657 20557 41293 20658 31255 12155 31152 12931 30966 20401 34711 18450 35655 34954 13595 25834 13204 19505 19481 13398 16124 13293 26296 46778 34835 14631 13473 22699 13166 21323 47405 31563 14147 13702 20543 47554 31212 14018 13375 14335 47289 25740 13194 20413 28059 31035 21483 31217 23408 13464 13519 47463 23066 23331 14127 40693 22691 40773 47758 14138 13351 20510 13730 30369
984 80
27983 39552 38226 39311 25243 40929 34015 39587 40746 26592 31396 30759 38358 39452 33476 40724 39488 30877 38823 38822 40737 28967 38412 26493 29294 33580 28026 41593 33927 30445 26991 30230 33535 33625 38677 39005 34011 41316 39597 31172 39646 39624 38353 34592 28091 38256 33614 26590 39429 39821 38171 25686 40740 29066 28623 41581 39354 38188 38056 73223 39578 38261 39795 39659 40213 34161 38986 37913 32150 44940 38453 39012 39771 31436 39770 30381 30374 31420 27972 26906
81 48
42911 37728 39414 45356 42964 43023 37844 43073 45479 33724 28482 37742 29373 8775 37874 34368 37835 26696 46160 66884 42937 25246 37911 26385 45170 45468 45228 43107 27566 37662 37802 42235 37688 37831 34926 37892 37719 28106 42929 43678 42145 37726 25903 47994 26002 28457 37727 33996
740 92
13686 15240 16979 16052 16944 15164 13210 13668 16813 12552 16838 18482 12621 19389 13371 15351 21190 13520 13065 14167 16428 12614 15929 13119 16446 13380 14296 15229 15980 14576 13696 15102 17151 14968 15272 13067 15360 12657 17242 14174 16633 12644 14260 22936 48871 13650 19277 15083 13548 12449 21956 12421 14526 16687 13073 14156 16735 17160 22284 15079 14861 21134 15201 37723 14185 17904 14264 19735 14712 15305 12138 15582 16436 16456 13397 17027 12611 21492 15325 16937 12409 13742 16421 21168 13368 16322 15989 15266 12088 13178 15088 12411
1035 55
17179 17164 42988 46926 33254 36507 4835 16003 34530 3320 3665 36256 5474 8848 17267 36172 33171 28809 764 5317 4920 17169 12128 44677 37174 19271 33354 65607 33170 37321 35731 12954 28719 16659 26508 25400 13288 41528 33962 43141 25914 16923 3403 42867 5529 16769 43747 25731 29518 36469 36130 48027 1435 46929 12101
