946
2297 17
32352 98491 19238 67018 61759 74118 54343 20451 72402 48161 5511 6718 42504 70960 26037 34902 44219
3938 12
83826 75092 43547 68684 20791 92820 70893 38662 16110 59885 37595 12180
1949 20
24096 18968 82966 71256 98832 52845 2883 63589 5658 7767 96757 99572 99686 77607 75188 21318 29512 46254 41367 1416
8696 20
35619 45104 44776 86267 17085 89554 3876 87902 38304 24855 77630 82092 78115 2284 82577 94634 66416 42488 5076 65791
4871 20
920 12492 79041 29616 52743 42134 10014 2030 11543 55914 58146 68337 17652 50357 83073 98377 18945 17164 66996 72701
8181 19
82963 39996 15098 76450 45999 80560 83126 49564 56979 34337 7259 52171 23141 74272 59532 29408 37489 56597 40430
4059 10
95569 62569 88056 12229 19054 3166 23918 50230 86716 36425
5707 18
77110 55450 94206 85162 73003 64178 76052 46879 82908 45800 24447 88993 1421 29307 52522 69918 49598 10591
416 17
27052 96196 71411 80870 58698 61397 57140 78548 10280 82929 19674 84065 97542 348 1508 34561 85782
2138 13
5474 20154 37049 4045 49068 59919 70282 59528 76670 1663 43595 15015 25805
9447 20
38493 70663 38593 673 76262 410 89681 38320 34612 76725 33653 90735 98621 61857 42871 20351 83518 38150 14339 63821
8728 19
71936 35203 33260 69082 65433 50050 87702 32405 56671 10134 74374 73194 74978 35881 72584 47730 18116 81479 15654
8384 20
29310 76168 27699 71023 79781 90223 84313 24067 67329 15212 84933 67804 45614 54344 4986 37923 69826 34713 81966 89482
6063 20
54575 67622 67848 78200 9552 95598 41516 96428 79788 1266 85987 48962 51504 36058 66962 28199 5828 91877 9218 50947
4055 10
62326 20119 72834 24286 54818 46505 87860 89428 37116 22090
1670 20
93037 3093 23129 68278 68239 9793 63980 38845 51718 56610 2236 1764 16775 74694 7834 68138 71716 3253 76288 4625
3944 11
31866 21773 39648 64848 31687 72868 71849 20268 340 45395 24737
1634 15
75776 5282 2981 36241 90605 69902 34392 18305 15323 87092 24468 48779 774 57740 42058
9733 16
39173 58005 38374 90923 48043 55543 58337 16989 55530 14939 77857 25678 52738 73503 46377 4715
2819 15
53398 37738 73219 94870 3543 84131 84230 70051 75810 11173 30728 37410 66875 43177 43189
918 13
26806 50606 76152 48558 86026 49856 3345 26656 12247 92080 51025 50540 67123
2687 12
22525 73845 55575 33440 74329 10290 75463 53638 30789 18487 26687 4658
2293 14
98604 92725 43317 56425 8227 61028 34447 73439 89524 45466 9744 66863 61567 88376
5134 15
91032 93992 97031 41345 78271 77120 73307 68890 41570 6727 98153 79664 97582 10421 62796
4705 17
37941 9691 19051 51664 92431 71928 26982 33664 24661 95102 66365 29112 15961 28939 58350 46654 27498
3148 15
36813 23400 48541 32967 20102 41864 87563 95340 21022 69943 87166 23660 47631 71769 63389
917 10
97211 85545 29121 38274 99771 3449 59516 44084 33126 60729
3953 18
5704 78057 66720 51407 54495 88667 95826 11603 32155 95955 64015 64680 38261 15550 80813 28280 19290 8169
7281 18
4425 53518 35664 83800 8971 33026 20628 12771 39968 64213 88047 87511 27077 15340 74003 3009 92440 26693
8279 10
63029 73237 11213 96414 98543 32039 43322 79437 63624 82502
18 14
52395 75224 35169 98878 80302 64396 52255 56601 55842 73308 69057 29586 74997 74125
6485 16
76283 21521 11795 11652 97158 49367 26082 99457 32274 85135 67793 86061 81129 95339 11608 67371
8149 10
16863 79950 87508 71560 59349 39297 11281 46288 42728 88199
7839 19
53652 80364 56161 24635 33866 99122 60653 74508 26812 94038 16484 25222 33645 66130 4628 13704 25682 99997 67734
7841 19
53855 51679 13603 47100 18316 24318 59880 91832 29602 29245 38953 73346 48987 34294 17413 32406 72893 40280 92195
8617 14
27336 12078 70208 80572 65001 89450 56222 27070 53656 58113 96366 24555 73616 62826
9829 18
56041 83501 86822 88487 64120 77453 20136 75869 3990 21391 97558 32779 67231 1070 11205 47315 51779 70861
1161 11
41509 24904 17614 57095 31630 50715 45754 83258 35684 47289 6615
2359 15
9508 55889 14067 60259 78319 30503 98686 63497 83803 19053 20678 28632 12451 52615 85810
122 10
89613 22078 37843 98090 47800 78834 12344 70053 13385 55902
53 11
19871 45897 2478 60488 1061 70968 67042 56156 61098 42293 27198
5804 17
94485 99751 90819 91571 51893 4467 68128 41712 8105 22763 48473 62136 8102 62289 5917 30618 34521
3907 11
14146 45631 92245 99279 42943 25060 34950 58981 27219 33825 39237
2585 16
6786 34582 18339 11139 67056 1673 6193 17454 33351 13156 66719 89694 26261 2636 9928 98609
627 20
74570 6016 49106 41993 94802 39432 20137 76493 13907 46427 61874 92874 60226 60962 18989 17668 47618 75802 52170 38799
9330 13
99538 91825 65059 34694 10124 13647 77062 54012 43905 18950 59696 40162 33280
1283 18
78912 89194 18163 45905 65797 29280 99157 21454 30634 38825 18667 43971 61184 34956 96458 87663 50561 9751
8314 12
56962 8642 63791 26183 3608 2974 49592 15104 41770 68776 41045 13404
2863 10
58684 99870 11046 70638 855 51663 30562 95997 19056 72313
2346 11
90784 3616 22001 38852 62638 23022 5214 75265 33916 90132 2355
349 20
83215 64201 17897 92378 45706 49971 10212 55168 56492 71808 20469 87536 18167 97265 93253 39545 59352 73350 99807 34171
1760 10
5901 39132 49620 14830 22422 40929 58487 82880 46805 28953
8691 20
48126 46058 1012 33992 55052 80049 35565 87419 18437 15480 78477 20152 50247 78715 55714 29434 85175 15371 11153 59290
7358 19
8226 41726 81897 46729 65508 65619 36550 63957 45114 59605 34271 81543 47834 46203 30585 67570 34122 51487 88944
8917 14
32911 3456 38007 42526 18745 65614 10177 14901 40941 61097 22365 60134 39083 6604
3428 19
612 47401 28439 69864 36727 51354 44929 88298 97430 49358 71379 56796 53296 25787 94797 87468 63123 39161 61709
8738 17
34438 20614 68221 1081 46844 42857 89237 2052 92795 33701 88550 485 69069 47390 10840 36519 41936
5523 19
74547 82572 20012 37009 89131 33580 80571 36834 40020 44354 48363 65454 67081 31078 64293 17531 95018 31675 18711
6871 20
40071 599 47629 87851 67662 31515 12282 59306 42836 75548 36149 80127 74615 74736 16615 59246 66013 21581 39044 13601
7327 17
97546 91198 10089 2444 91892 66385 50738 80916 62968 5377 72011 85856 7209 89861 69788 23059 56397
6241 18
40462 36531 42960 25240 54471 21600 74814 40351 66575 48146 12416 61451 13562 66639 98014 31889 86442 88617
1985 20
21711 53075 17474 61947 55034 21684 79703 44967 75766 36762 12654 85728 46771 50199 52897 15175 71188 21898 72046 77460
4563 15
4685 90525 60440 77153 89260 9803 34839 77888 72835 57610 13028 33076 98262 23443 50753
1045 20
17105 25087 20595 95978 77344 63622 90560 21886 41485 54028 20566 44114 43439 87873 56316 91949 29992 39892 38313 49560
6550 19
94970 97138 10051 35700 31067 49892 65313 11530 97857 7958 93066 63103 12759 33058 80912 57286 85050 57527 16395
2610 18
1382 65479 61304 49113 77032 39325 89240 66708 4174 7820 74761 53356 30494 52297 11071 10458 48745 71113
8791 19
77912 7524 86695 7772 91907 68515 10195 70762 32205 58323 55805 40812 99958 73654 5851 95022 67079 27407 89708
7491 18
32661 60681 24104 14389 29611 21049 39743 67568 89044 70505 75423 25513 39338 6316 43424 48935 8221 69142
7445 10
54006 15917 34472 19351 80365 80625 85554 84320 15716 33977
7120 13
92811 52987 81466 78578 55580 49243 86758 84236 98211 19466 32987 58277 46518
3345 18
75420 62128 59244 42357 48074 38914 14056 21368 68801 51638 33254 23727 1467 314 52342 92528 95371 61680
1864 14
30623 34568 78112 35086 80808 46864 18625 94551 54703 96511 52248 22717 43957 33943
5724 19
83428 63547 24578 72830 21401 8025 43701 12844 3319 16663 13122 89956 53478 4331 91251 9003 93722 19536 64761
198 13
36870 79943 3333 11316 19029 46140 9872 42091 40934 37953 86139 64023 38878
1356 19
83283 52190 15920 73445 49706 77787 89796 40507 61543 74453 1718 98328 70779 66975 63860 57786 7850 74656 13975
1349 19
28366 22375 94002 45850 11511 19353 74174 82237 75381 17539 56202 42110 32056 50069 8164 86640 63894 44508 75694
3186 18
15050 60091 64921 68807 31037 33520 37262 25812 11697 12675 5550 12170 15814 96963 9898 63734 4252 13938
7833 20
48921 80729 81100 15040 75439 28263 13413 27970 6455 13335 25955 76171 17284 55296 951 65603 77924 82706 28929 96292
4026 12
398 11163 57601 9852 15377 8548 94401 77408 79079 25243 86359 97985
7201 19
75421 1870 46664 33173 97303 98275 95419 7886 71207 2668 71365 81726 17893 5891 54759 23777 22662 76802 38846
694 12
58055 95671 57748 50489 56320 42094 55401 49859 62376 44731 76704 2487
1023 15
9084 51587 94739 10828 85591 97098 27354 97587 89160 61112 55186 83452 99039 43370 30515
220 19
80199 58268 37332 69313 53737 15813 42679 16920 19587 51537 813 17440 92984 90127 48577 79410 27476 33342 18369
6715 18
35878 70288 49510 96008 9544 69349 94724 95314 3598 68116 34769 21077 98111 26822 67956 75926 92033 1147
1777 13
18594 13881 96529 65113 45429 12658 77184 12267 93435 89216 43822 45486 90073
8739 18
15197 65840 67264 28491 18942 81805 73122 27095 69012 92673 85633 21253 13091 19535 17133 84815 19222 34826
6897 19
56907 95402 83304 28038 71074 14860 10856 3932 87937 54263 6564 43423 14925 48793 75602 16476 73295 54084 37550
5020 12
72364 56306 61717 28296 24078 84053 23908 97385 71679 34753 70976 11335
2783 18
38236 52842 14714 42792 23568 63986 86454 85089 50528 71281 93047 56288 95945 59093 441 76368 17055 7560
7368 10
56298 83691 14375 91433 40763 15296 10925 11093 18208 67270
7786 18
17896 28405 35502 53760 15505 38905 39415 79747 49193 95619 54098 25158 1248 58615 76788 98713 41312 30416
2942 15
98932 81564 73004 90045 69898 19722 39100 23015 82493 25245 86813 6497 62440 54930 5417
9927 12
15046 62049 62499 74206 79480 25242 30544 6861 6495 87095 75180 79254
6338 18
99700 12190 60792 87196 95615 14542 90076 24605 84191 50679 68607 73241 28228 45550 97460 85867 3993 87956
3993 15
47019 56292 58199 92861 21837 89549 63237 57768 4313 22861 80554 60365 50285 90129 43520
1642 12
60376 28992 27676 39035 40340 3529 44640 60189 90029 33251 32091 80174
9775 17
63160 77427 96993 79094 63112 74620 61448 40064 94834 91818 58834 4152 7553 65172 75873 51106 10071
6679 17
65843 32194 80781 31872 78144 67448 27102 29223 65611 82681 47119 35817 83887 72151 36508 25368 55721
6754 12
48874 16462 73946 69574 57188 6136 64971 54195 47046 9716 60674 38055
5023 18
71227 57179 42712 75447 66078 8667 54788 85676 13803 72850 31201 82184 73933 50887 5825 90649 87136 44869
6979 19
89839 41474 32591 40294 57859 71799 71246 93347 41412 21211 30325 25493 15498 8991 43631 3425 18600 22906 76206
2798 18
62930 13972 5547 90997 55073 74714 25320 24639 28463 39151 96876 7485 46101 79291 3363 51701 2298 36023
6960 15
6247 71899 54459 19748 38352 10844 72698 99689 50433 14405 67911 82588 69862 36781 61486
4193 11
82470 16068 8596 29869 52011 58278 97482 99564 34675 49397 24403
9855 20
60258 74200 83257 45533 55738 34698 84226 89198 14014 94033 64392 21342 79077 31629 2999 56073 18568 51479 24583 69233
6760 18
58782 18940 39307 55649 84077 77028 92406 62767 98616 10514 85057 950 1126 76560 44692 65570 55458 52244
2881 10
13893 25536 80716 5967 17468 76033 43130 90360 92110 20498
2595 20
68600 24051 74434 65394 6211 14294 53077 47277 7402 43589 89403 20237 37988 99774 85163 21527 32210 58789 56102 4574
2276 15
16594 88880 49600 40974 53887 39529 60061 28198 83080 75298 80809 50057 59168 43859 22235
587 12
95174 14665 73207 55872 43069 53810 56129 5159 79343 80208 89899 9451
4758 18
41803 61417 26076 4552 94218 71749 2686 74497 91216 47525 54287 2051 92408 33654 24709 23928 99010 84347
555 17
28172 79265 57518 37310 22635 29340 29929 67932 11256 35007 81758 83947 13054 26049 52206 52560 47424
650 14
88226 4701 26135 68353 59551 78483 50898 68345 60100 18275 44740 61008 33694 78383
2652 17
63502 48851 9734 65446 65701 65834 15734 46407 67212 89908 63606 81516 91425 44178 31093 76209 22805
8283 17
21288 75797 34666 69572 52552 81890 94482 96375 29584 93762 84177 91275 77395 778 93624 75951 13885
3631 12
66266 86143 59251 30548 40965 90539 34949 12851 11774 22869 64207 67343
111 14
70445 1692 38153 55457 20320 15253 61427 1559 40466 79430 45472 8792 78382 97759
9255 14
80757 17705 54473 12490 14871 40739 1875 29485 19731 33025 69499 87929 10121 82545
7305 10
23444 89141 17735 27769 569 31000 71052 41276 16103 80227
9573 11
44169 73438 79675 59834 45212 2480 23543 45598 69101 4039 50136
1042 14
33969 13866 59595 65876 36728 28650 32491 95655 58730 56341 59070 24845 62180 84924
1549 11
52239 47431 78457 39536 92602 36648 5245 52007 61854 98461 25013
5263 17
73291 34601 15260 64389 38744 35600 83457 36344 21385 805 41725 37405 63602 32725 78398 27573 90365
6636 15
42641 997 71874 5454 54092 97223 34089 1816 60066 95361 75695 47875 47982 88953 32592
7819 19
47416 71839 88097 42215 89224 58796 8183 21414 86747 20549 60221 53006 39170 32704 86604 1367 37514 85469 58040
7645 15
54916 5565 16202 10327 80297 74489 11713 51951 98631 91775 7549 33181 49720 38206 28757
6213 18
63457 77424 10865 13393 29136 94635 72552 46054 82724 63817 51875 9811 64840 29045 95472 58212 40932 82901
6492 10
47686 86629 38826 62025 49255 66855 23251 78408 15388 28525
6644 20
89990 62465 5281 47332 52990 87633 79918 60249 35676 34217 91504 2164 10816 32722 59710 43182 39066 67532 73905 34688
4386 20
55589 76411 81146 63486 27770 25605 55159 51559 8144 74910 53983 20278 58984 1441 41768 41057 51286 70149 2757 50686
7618 17
39981 23735 31317 77323 62662 67558 96030 75698 63405 79692 43327 172 35632 43386 34172 98975 97723
3766 11
97610 53710 23121 41609 98159 72504 89793 24788 22781 52837 96098
8005 19
66483 43568 69565 63014 54867 7518 80374 38757 58998 22715 2171 98798 11769 59779 50403 63729 75201 44049 71358
1110 14
94775 46345 82667 63840 11124 17878 79216 46752 52822 79109 81924 76657 31146 13971
5851 20
8445 79965 3982 23556 21720 87530 56563 30381 12513 17291 95728 45502 85653 3163 21555 35601 99002 21719 50129 16980
9128 17
26264 20291 77778 14032 6199 22056 76510 59735 41170 48531 56152 90595 43449 6763 88368 76763 66290
2006 13
94498 96323 16873 36998 3964 20664 88446 79411 27157 42790 96719 75657 42447
8773 10
75291 17779 56192 85276 13380 57468 36647 40334 5104 33557
6006 13
70357 1566 60527 44847 24682 82593 47446 84040 80012 86144 22513 91153 8714
6235 19
54675 98310 2510 89751 51514 33564 21213 14188 27975 20599 23126 10813 67868 16201 74048 89434 85956 44347 43368
8449 14
14558 20646 45138 28274 80146 39740 8130 1067 63841 79160 6551 88496 150 18333
5171 19
16578 35832 10543 49129 52278 83485 98516 58294 71222 53013 31258 22050 72825 72316 8111 32968 57161 30835 80163
2590 20
59603 58315 54953 97615 34053 43951 70859 83513 78111 45635 29997 37688 5742 48875 24522 45069 66541 90452 42927 81087
8451 17
36906 24308 41612 50218 83834 21008 51777 73698 81121 7966 18493 94988 93693 68987 16334 5643 5197
115 10
76397 58775 15264 96238 44635 99249 50746 55235 5443 60419
7989 13
22925 6800 31099 46874 12877 46347 25304 39418 86559 92114 95793 33147 4181
1427 11
16915 98986 40047 8827 56741 82504 7576 36020 86916 75006 87619
6997 16
89931 98688 78792 5905 19589 40161 29304 15745 17992 87668 28159 789 87233 72751 15852 66150
7984 19
44930 27980 57104 6981 7690 38861 57279 91557 40900 55615 78896 88120 97991 96995 83098 98660 59248 60574 56008
4284 18
20698 72299 37144 79590 23103 39219 74488 33387 94524 79501 99442 4492 84059 55489 91306 76024 95026 40266
9810 10
53684 72649 95564 4726 1912 53669 7955 33464 8905 93754
4214 20
54352 12852 4888 90447 45593 51351 35921 51192 9893 76415 51564 4781 89105 74644 53206 7574 60102 86503 73820 88932
2882 12
16292 6626 34082 78934 24478 34255 48828 54090 7897 83698 130 65860
8109 13
66840 10811 75268 5407 34450 42969 31540 23360 52328 42782 59017 36052 52339
445 17
27036 14411 24640 90346 86612 92413 64459 24482 59344 35349 36172 32384 2014 69678 55148 18854 47090
8679 17
59905 22541 53446 4751 72105 11756 72708 31354 8456 80923 84389 95335 9977 32609 91990 69152 80286
6916 12
11809 72127 99970 50484 73880 52775 69602 41285 30454 70456 28824 1234
7731 18
74564 70586 71930 54980 31608 22107 6507 32855 36559 30295 4279 72130 52336 19993 53230 3217 89097 63158
2901 19
21422 6452 19814 20707 25691 32616 55482 94766 67673 12040 88634 58807 13741 34002 32970 85111 16397 71126 55760
177 17
56212 95196 74013 79625 32108 58466 68856 24856 38787 859 58838 63728 41033 86060 56541 45612 722
5064 17
58186 1436 904 23729 76181 45071 36767 31266 55912 84578 92927 43448 51920 14305 57941 56560 65751
8887 18
19827 12560 89506 96383 42539 41297 74971 45450 67211 80223 73556 63045 69321 26988 19482 50060 87881 6956
5873 19
51111 71845 52916 49162 80581 64148 25664 54746 72106 10884 31494 34432 30683 68214 76811 97334 11228 45383 26816
4194 13
40861 16943 13128 73906 53815 56177 77193 66263 54420 21300 23520 7184 19288
6025 17
15234 6027 69963 10318 83520 30227 22909 95640 59016 55115 73040 7756 60996 79770 57798 32999 22120
8530 20
11503 81373 87719 5892 26138 53582 59089 88957 32631 2304 20859 16064 42760 19448 98024 99723 22968 96213 27044 82458
7511 14
16503 31358 7833 33910 61640 75046 76480 59683 60278 56141 8434 86698 71537 77109
7344 17
77416 66432 90169 12714 8712 77088 22816 26817 10626 61206 3380 91488 48724 46076 36586 81481 65945
8390 20
70232 32568 42303 48266 60519 49743 87760 1030 90866 56049 52167 83316 17788 27709 65036 18962 9561 93150 90497 44742
2548 18
32726 86711 57484 28728 32195 13294 33891 47803 86674 45656 74100 75343 94111 84796 4499 79523 27691 52917
2541 17
23352 96147 57554 79040 25662 73929 12444 32094 41831 12038 54239 98796 43459 29965 19302 59039 14967
2110 14
24868 61289 1347 39568 34012 21009 59501 33033 89707 86964 76856 26358 51188 91268
906 12
60103 28069 51287 44052 11604 24241 36627 87150 2770 75208 73612 46263
806 13
68168 71891 61355 43442 81762 91541 93536 43249 77280 59283 25022 2074 82846
7452 14
33899 75969 22522 55173 94579 68860 70818 17398 70801 44527 28031 38193 87337 73154
1668 19
80410 44718 9362 36335 24030 55783 58743 88494 67446 45921 46296 40392 71723 97548 21420 77215 17657 54122 77181
3277 18
23432 19826 67204 68496 60395 39549 39314 30216 39191 18635 96648 94314 4816 32672 13431 18984 15674 29145
7124 17
50099 54052 84187 80820 33815 95164 78852 15534 84791 15911 72194 63152 43774 47497 66112 76659 11559
6202 13
47571 3489 73534 70036 69527 37978 87037 92835 18657 81666 32439 26051 88430
4277 17
1840 87780 43436 34590 5683 50526 21120 59812 76239 41002 93834 43504 46843 76576 99806 88908 15890
3707 17
94335 59239 77984 32128 26731 766 36584 73730 10101 816 15299 22587 20909 69122 13629 38976 57803
661 20
48941 87312 32402 83190 46618 77606 50977 25973 15297 26557 49350 31489 55860 41272 44823 15973 86001 9112 5110 66405
1296 11
80466 19174 88340 88752 28937 9005 26826 95303 84642 45191 95991
8490 14
12447 70466 48919 72199 50163 75442 52199 82276 6067 6575 74268 5462 1738 11887
1789 11
69302 77689 77289 20399 97752 84132 88868 30775 79708 20616 13792
6229 10
76302 75827 28422 81657 24198 14751 61540 8106 10817 17584
6253 19
51545 43682 10342 66108 98355 77863 34810 71436 81202 51490 43797 83025 25956 9713 56995 98882 51496 1822 96307
4501 14
42837 61439 6466 94574 86580 13883 41123 29999 47208 34800 33119 95217 80404 86466
6953 14
4460 71259 40597 2391 45821 54548 6931 67642 46259 29728 66523 84887 52169 46501
2312 16
13823 98469 91794 81542 59775 68329 28085 36522 85350 71048 13730 49408 57537 96364 94581 52696
9406 16
5841 90664 38995 99727 50040 21811 37802 61802 21450 61376 61266 71155 99666 34427 4440 99586
4213 14
84254 24738 77531 94145 28342 79678 26825 30834 66911 9895 46208 47974 29636 16057
8178 9
9401 81080 40436 45833 4923 53621 50605 50677 96730
7729 18
24647 28235 31058 43920 4197 6685 15638 80885 25440 16001 86053 5343 54159 31033 72099 89627 15641 74182
4112 17
572 27645 65305 35584 7423 49884 67144 30218 88453 95395 72854 20577 8516 8967 68058 46917 13957
7363 9
40816 91931 47600 15437 30267 41293 16559 2912 80638
7308 16
10896 21713 75913 48460 67249 11678 56598 78871 24598 24479 38808 97823 29482 31752 54440 40867
6313 12
93797 31659 43265 78987 82829 28797 67578 11942 40845 71033 55835 87162
1653 17
37098 38343 94606 23427 57035 29400 96842 94978 93600 28095 28629 53375 28621 32573 13447 98634 85842
1432 15
44014 43667 71266 696 74840 39239 92158 63003 84417 35888 4996 39998 26297 67751 1554
6743 13
44681 32687 7377 86606 30014 63411 54489 5617 28607 7930 49522 54070 37829
440 19
97381 92904 75875 22116 72845 65068 17196 14865 96386 81887 22669 22051 52863 29751 90229 52208 64025 88277 98786
1201 20
78818 16196 58677 48464 28933 91106 33588 99331 63192 4850 34078 8851 93111 8585 6471 84256 26759 66837 33482 99899
9218 11
71906 23172 41448 8590 70639 27311 24201 68963 35538 89612 50339
9985 18
86708 18118 352 81477 35989 4521 95315 81469 46976 43277 39791 57997 13262 94829 27065 44342 31641 71651
7582 19
37525 88057 33158 82778 1809 91952 74381 20934 48702 16226 47879 84906 57028 62470 21340 29878 47593 69696 77684
2269 20
13151 68373 36013 77141 83406 54550 7341 37632 27432 25367 24443 96431 16400 77337 54049 48995 21349 79711 60244 96225
9053 17
40703 71014 5886 1638 87880 16455 62941 99762 85879 60614 5280 47051 76721 89802 21702 55265 22199
7791 17
23942 27113 54133 35109 83007 41427 87331 49959 81321 87958 48237 26638 84014 32187 91641 81874 93181
4460 16
76084 82131 56836 43208 51201 95798 36327 54694 35789 42973 12804 69675 98425 25169 8319 96436
4677 15
60333 43563 44563 5862 72469 96475 28087 89654 13292 21688 71682 53479 86628 12029 98754
8409 16
82810 70955 19868 16772 56398 36205 10599 64630 30021 69191 38887 98392 38604 65606 59291 86197
9772 16
45682 10161 77264 41179 10639 18994 71956 39849 1331 12919 34725 70656 95372 90925 20394 63725
3091 14
5660 90370 33403 33875 78266 8607 29249 64373 30466 11278 50612 37800 86977 57247
399 10
36203 59660 55849 58319 86560 72616 44405 92949 16700 83483
8912 19
36219 9206 5735 53735 31202 11771 61440 51355 23631 24608 57032 74752 48048 37555 69852 33840 67082 76800 51469
2976 10
57087 71809 78019 67248 96358 90825 69552 74210 92701 38303
4074 20
2184 22232 75565 60749 95481 92803 66165 33235 7282 15039 47160 87003 95431 39999 40629 87243 71391 99133 31062 87114
2939 19
15294 83578 71221 60020 34818 48044 49061 44832 86735 92297 94255 58811 21792 20079 38351 45175 11719 82135 43139
2919 17
66105 2194 92778 54171 36953 45296 26334 37464 22402 832 36354 22673 86866 41339 35907 43217 43173
92 10
73669 87154 33545 20672 9131 37274 57354 42710 23932 76538
8896 19
57153 96932 9647 31074 20100 69415 38522 97426 32486 95375 82346 80737 45229 64989 76707 48716 31674 83277 96574
3854 17
2245 69562 6534 36681 23466 80787 84046 23882 76913 94929 20817 92790 32246 28893 28622 27739 34562
3546 10
83879 46983 76616 55898 55536 92353 84271 46114 29226 46370
2378 18
86142 75669 82726 54700 81316 98953 2856 57572 55414 34011 49165 47155 49394 89223 59543 90474 98287 23086
2144 12
7776 62673 39234 65933 40437 18220 2623 37470 36485 59023 83373 8888
1737 15
11483 75184 75599 7055 24216 41108 35667 75169 18610 63090 10209 39513 74518 28258 7610
9316 15
5807 70147 99852 47309 82906 37623 47249 75727 83085 33100 78016 42636 19434 85069 23358
8758 16
13373 66675 45583 57507 17985 18403 74958 51760 95727 5445 88026 60299 49244 24925 68057 36492
3876 14
61517 83254 30773 39365 82329 39322 60734 96222 80512 74294 41615 32338 68830 35264
2143 12
15678 17145 18889 34395 67372 79592 87144 21511 28330 86761 98833 21501
1307 18
46815 23465 40496 72959 33850 60016 52535 1529 77218 75297 48817 37105 24787 54991 76167 82495 30185 86902
1109 9
29735 78813 65141 25962 74628 83089 14698 61713 38329
6342 18
92024 40639 83420 14438 78035 17891 21926 72245 32670 7859 54197 66637 69395 9810 92418 82294 55491 15146
1970 11
30317 80411 49785 13325 60718 92429 35806 71777 60864 22341 17137
3245 12
16918 34803 16529 13640 17762 25424 44312 92454 53768 23154 38197 12848
1380 12
95000 17512 27951 85103 65757 52981 16270 57926 5747 40701 53081 23151
7042 19
60582 42074 72464 37687 49221 64879 38712 77640 24343 10231 94727 18110 79123 87349 18938 1911 92896 27467 69648
9647 19
6639 93830 20992 36874 77077 22523 36307 29392 69201 25354 15121 35547 14951 3723 46419 25514 24037 95318 47109
5853 17
45690 74745 69503 15189 86337 95766 35992 74376 46472 40237 98161 7334 52055 26098 78738 71022 51319
5569 11
64850 34230 59384 3796 62797 42224 9565 17805 83966 1429 49204
2469 9
60170 1645 27590 87765 57522 9735 44522 67973 87022
4847 13
86820 85766 16173 11089 15764 39814 43770 18218 28196 2851 78893 49101 81475
5958 18
65932 50632 39305 96072 60735 18850 55717 4648 80130 47287 9834 27937 54633 39710 60812 47833 13552 89182
9103 10
40936 63709 94900 98080 49435 46179 51298 38012 12231 59467
5673 18
81990 22496 91309 89370 7076 88499 31897 30761 14906 13124 82515 61293 22702 15124 67506 40491 13898 68993
9060 17
17460 91847 85768 78524 15588 58438 32288 49125 82115 30539 2832 39421 51498 28418 47744 3631 21954
5282 15
80965 89398 29560 96763 10608 1157 24977 17716 32451 53797 38026 8636 39097 88941 26361
9629 17
76914 33547 63036 87028 69054 51633 13258 29531 18160 50041 56195 88717 60819 1721 30591 37812 8705
8315 10
61835 35919 2373 12433 66616 31609 23531 13208 56307 23780
81 10
50496 46586 31915 36541 50891 83633 84897 10508 13133 44840
1133 18
89093 48670 67618 35861 41188 21741 20708 87020 41625 20269 4635 80544 23940 6023 84375 23045 24559 28103
752 17
30917 12133 28446 16350 55619 93744 18064 61302 70551 31700 72792 39254 94303 81483 26416 43031 91548
7179 17
58721 36250 2258 46987 41750 35544 38619 22200 37668 45570 53577 47013 95940 22705 64217 59713 41291
6751 13
92329 82752 53100 53945 6353 9499 3186 91002 84948 97696 57764 78367 46146
6618 11
78488 45396 23316 96378 25153 5349 30485 54774 69228 43613 30986
1516 19
74133 89052 28928 6026 25096 65931 21851 68551 75545 54631 35392 99725 25771 88346 93938 7187 26779 86602 38377
2056 16
92284 9227 9144 77980 98842 57438 39835 67658 42755 60525 16860 53394 10855 10932 77494 44844
1342 12
57895 74766 19315 46270 67961 86196 6330 14075 88043 56297 34616 63941
8795 17
47816 36151 89427 30617 31898 51607 7588 75616 72714 7515 35653 81608 33606 24629 34827 20115 19282
1743 20
65475 29366 24269 20821 94296 50750 23621 23004 11480 12591 89597 50948 87627 76602 9692 68503 34912 12481 80002 24247
2224 17
51945 41920 90958 50479 21783 995 84004 50268 43924 12718 21346 54079 63440 8599 99336 58266 56122
3216 10
81216 74598 74588 20333 21563 14944 79179 9436 72361 66583
9616 10
86840 17570 99815 1364 75156 7556 16417 41559 78190 26504
3439 18
64887 62989 42178 39392 97960 31612 20458 47501 43263 38761 47302 55859 82258 10234 86189 75470 50004 91591
9097 15
9902 68480 96626 79677 98423 66826 95707 3683 69480 94747 3785 16676 70185 19818 85560
2252 19
94128 20491 48674 68416 43402 5275 98399 61904 98116 45813 45591 37181 66032 14864 12246 28909 54837 75086 6297
7175 10
66907 75263 28784 23413 28230 17709 68888 4082 14897 55577
8267 13
70464 4126 86889 39956 53145 27492 2337 3538 5380 21054 69202 58405 16030
7734 19
95387 92277 95683 76638 73853 108 42257 25989 59922 16254 60539 23806 12479 47672 90738 41152 70372 96541 10068
6441 15
69323 30909 78139 89384 2647 32392 48752 68267 9868 88836 85948 74361 34475 25434 72742
3124 14
99244 31431 99456 1683 57835 79809 42065 11593 4303 89360 88888 45851 24803 7441
3742 19
22010 98741 34927 57230 19787 93305 38617 40542 24138 39609 38515 12235 70768 90056 27890 10046 45008 53473 43408
6603 14
72164 55519 4878 52475 78897 14793 33966 32980 33322 63190 91856 29803 8443 59514
3837 17
77213 22974 98230 52789 9470 81538 27601 62685 1730 64520 91342 77605 89564 48163 64117 76390 25504
8989 19
6476 38628 85112 4882 50402 77555 82394 9571 51990 88693 67915 7459 81799 43675 36103 90827 36422 79068 71547
7709 18
99195 24499 69407 9816 71892 58854 6194 78733 23021 56021 67654 91415 53259 88615 70512 80735 37972 17174
6054 9
4824 58795 69265 4114 19734 63110 15284 52082 61539
9002 19
62316 12124 37414 52024 13716 74681 58943 86336 39863 99659 57226 2591 14234 49905 77985 31122 42901 16782 34020
271 12
35724 20456 63979 58492 43628 32097 73697 10308 69751 16770 21063 52609
498 14
75135 77897 72849 38688 11241 85390 4651 55274 80075 74383 14276 84687 95302 64733
5568 14
11989 65855 66563 40116 15721 70548 22644 72568 11333 86322 83113 17432 45053 67294
8569 12
92334 79948 27666 20946 38083 2644 86805 61663 22059 85709 52315 50467
6602 20
23964 69698 64584 66197 71718 24465 87723 83015 5244 21751 65253 24284 80221 69991 93392 33369 64012 86127 52271 63803
2394 17
47576 34607 94214 96142 36757 83514 1998 63799 25967 95029 73569 6758 20575 12871 36193 9796 29201
2380 12
11146 42369 37395 29106 12664 65802 90457 11550 83028 6118 96137 75099
5339 19
74857 8649 63380 97317 93773 61805 72427 57668 56296 82022 11166 58639 40789 57166 68007 42866 21895 58878 12125
6977 17
66128 32183 70449 71114 50143 34286 75975 32393 26326 17293 1942 99975 97203 16614 48057 70124 99006
3932 14
35609 76902 56522 59960 50601 80363 64017 70752 82149 49927 29211 2929 77422 40438
5789 17
54566 87405 50132 13429 62416 347 78124 30447 69491 15119 16737 31614 89758 61402 34964 5401 97026
8050 15
93694 18693 42059 37194 39647 50751 70363 63540 12728 24179 36105 88971 63265 3975 78373
29 18
93750 80532 77682 66311 68449 12708 33042 69361 80009 55674 33336 68691 77350 99675 97733 50056 23600 69534
2021 18
1843 27794 71286 50373 37252 78156 81421 71534 35269 23418 32198 37960 74288 59167 51017 78468 12950 64069
4037 15
14868 98773 10238 57868 36940 47427 81436 84441 54646 25943 37484 15345 90516 79528 56820
6517 13
94997 68098 54157 30237 48405 15326 21435 96553 69713 56846 99325 82125 47637
8260 12
8391 43255 81941 63560 47005 35133 92119 83122 75316 3518 59725 87805
7285 11
40018 63576 89313 26738 73564 5389 69891 83724 81492 65547 24772
693 14
30884 79029 18233 77061 24973 66704 66038 32671 38587 84908 98204 39490 52967 70660
1453 20
17714 25123 54983 15385 56190 28208 24651 38811 66733 39332 49749 74243 1339 59341 61255 12015 70749 68226 51412 22832
9343 17
31442 89605 39754 58607 90859 66649 38930 80693 5042 38880 78076 58704 42715 34356 37151 37784 82896
2214 17
71149 6515 5449 64376 37980 9236 69006 25274 21223 59437 45646 59288 88742 94368 69665 75024 51556
2943 18
89074 42824 10040 34734 14627 35038 19155 56395 38998 11954 4916 61497 68429 56722 68857 48077 8051 90985
3612 10
12164 75570 74097 94125 16598 22854 26970 15834 60652 25134
3794 11
61049 77809 73939 2033 59590 20429 67482 64506 75484 90603 9590
4367 16
21917 17724 83811 27337 8973 83027 16329 55056 17410 44992 69318 72896 65627 92503 87161 62775
1525 19
27961 60421 53366 68314 24060 42323 16791 93090 88997 91112 59789 73558 22667 9352 62072 84745 94367 95293 9687
1617 15
77589 93865 59984 29324 3912 28758 2333 90550 29606 91605 26184 19774 91056 47934 70432
6976 20
81336 89056 92586 97336 11231 2163 56081 92699 97119 69510 89120 74902 32712 66507 34239 26150 60936 80822 64849 33516
479 12
65438 31568 15780 13011 90023 95650 77731 9176 95716 4191 98692 15992
9092 13
27133 70866 56179 39395 52279 14736 59636 33002 43902 83350 4727 61446 50047
9160 9
31683 3972 4618 73769 32719 86929 96777 8302 97387
3617 12
48872 74355 19089 84356 91049 65327 44752 69277 40209 23200 28124 96141
6211 11
20956 75386 68981 78921 34066 98515 31699 27025 33762 46219 66169
2738 10
60345 90672 99070 51020 79375 85669 11467 29926 80013 87867
7021 16
8126 69638 66024 19902 71524 34954 71094 39880 15673 84776 65056 14586 93967 58903 78444 86633
9027 13
80014 57018 65839 672 33279 66363 7339 7881 32154 87363 96865 58873 16771
733 17
79180 92724 39705 55817 92955 49094 67770 13284 65928 10133 76251 80266 83833 95415 66261 27665 5837
6185 17
43886 10957 64503 26521 88182 94908 13777 85140 80553 39140 75533 1550 81670 53631 4259 92901 49168
4618 15
5242 12430 78103 62124 44069 49356 18713 73190 39285 56330 86718 97876 74901 99623 95468
6215 18
17113 4949 29973 23386 11421 16553 94148 52762 4744 24129 2140 14576 56408 67089 94517 45216 49415 96662
7025 11
10805 52644 5509 19809 18708 19506 81812 76817 98482 33186 52788
8098 12
20487 52912 86941 35499 83543 6241 32178 78523 48510 45918 7982 98316
2090 18
91356 67504 47970 37175 66998 61251 22846 98966 44806 90703 40120 37520 27621 63277 64158 70369 89226 88459
8392 14
69215 80643 41824 29951 42060 20066 99981 6519 96946 32513 95714 96203 2231 36885
8793 12
81521 67518 73535 80599 14752 40743 20512 52159 58865 64717 84170 56029
4631 19
80045 80217 9577 43970 49982 98260 49649 66446 52408 56132 15196 40434 85608 80023 74390 6866 489 12505 63708
7193 18
57697 88975 59092 69087 45085 92266 69289 71752 85721 21857 59466 87526 81187 84847 82055 28134 39397 53826
8432 14
5489 93899 84831 38700 21028 66072 30883 85760 23122 57386 98897 31249 29205 87991
6129 11
76567 10774 18743 21030 92605 85677 14224 43174 65399 60913 95606
3593 13
28053 47659 34994 54417 67321 86790 4356 93767 97806 43298 25849 63730 56321
7804 14
10549 40986 65230 42228 71461 30002 72232 90637 51995 50894 79845 30785 3827 55552
1229 13
79616 90096 42863 89893 69387 11794 11142 52749 50904 8896 76472 79141 63469
3261 16
86611 22585 72521 82448 92464 90531 38015 93388 865 73398 90462 80439 60886 72994 22435 29510
1515 14
74559 61927 54137 42788 64359 25660 35100 77174 81455 86824 82275 17660 36317 3235
2651 16
87520 7277 69343 6709 84919 33345 15485 51735 90615 34930 303 66504 87639 35995 98402 89695
3586 13
57227 71835 69041 69328 44102 40780 7837 5869 43105 15365 86665 74127 66498
9294 20
42080 72711 16973 96726 23597 68640 97076 42870 89243 7009 57516 37909 747 37479 48181 54341 59429 87581 33522 57295
9761 11
91084 54689 97918 87866 97684 74259 28058 91986 61586 3750 55044
4592 15
22756 11984 50130 2737 67041 94241 7033 56565 66520 62166 73461 71248 22769 99838 128
9423 13
36085 22882 45286 49658 90895 87100 54992 5340 29518 73513 36838 23440 12736
4637 18
63609 28299 26142 46712 95262 16353 50684 78679 72198 48895 36055 96659 67409 54237 89342 58115 89102 20123
868 18
24532 71352 20414 52243 47902 44131 17941 98580 50525 50252 42156 55200 38056 4267 19436 48775 26508 4022
5311 17
88308 47594 27 73422 85283 52285 82953 37385 75001 71301 41168 81510 56186 66267 5980 26765 40337
3740 19
81339 77835 63558 58495 96736 46351 16097 27039 89604 66815 58097 54151 40681 68795 37086 28429 70126 74579 70845
960 17
4926 72642 26015 68638 81617 84332 76569 79697 10369 87430 87879 69955 98653 96800 5744 46488 99227
7104 18
6640 86511 88759 92978 52594 14464 11303 87687 54403 2984 50761 80549 31313 13281 61556 72320 71194 26014
9110 10
99103 78629 8444 67737 54757 93603 90052 34898 4345 84142
3954 17
19488 82309 60846 65040 65492 41916 73802 89107 34879 29964 43546 5135 26948 53931 90743 73483 41484
6117 18
64553 45777 68220 55019 97541 75552 71184 19770 97586 58096 6550 80831 17496 67332 29713 77990 91945 54120
5510 14
66083 80974 15448 35068 45455 23029 61620 49426 63147 67104 69642 78494 77436 64469
88 18
92257 9925 71517 64710 83567 26920 13921 16584 30039 95943 28074 15842 42841 8235 85299 83687 16004 96717
820 17
17999 52153 81969 83119 30251 60338 8452 54419 97361 27479 82097 26664 9376 44633 86250 44370 66360
8262 17
14172 60403 48694 34545 38939 48070 11053 30397 4437 78104 98408 55618 48142 77806 54072 95669 13390
7778 17
36990 29778 88405 15216 5864 73390 50991 2459 59063 50747 94425 14991 61798 33584 42265 51033 43455
7243 17
30369 27950 76394 57434 83823 91025 50394 11852 60513 77263 24818 43122 36003 42008 92712 41457 50324
2044 19
29958 39554 69029 71861 27066 89068 25945 63471 64546 92294 79761 7230 69976 90947 34336 2766 73699 63723 84863
7803 16
49077 44789 74195 77821 64949 29809 15174 22727 2896 4527 37021 12753 84449 27483 37234 54908
5798 12
93871 42982 96481 41195 16994 23591 99945 81411 44434 5857 58620 17308
5348 17
2519 30289 22038 37958 21795 27669 16521 30371 60666 44592 63951 6144 42335 75228 92159 70428 9820
5849 18
1608 97553 99523 2889 49834 44926 19152 79817 89578 13806 75944 11766 80951 45652 45671 15950 45274 80858
4084 12
43610 22613 28414 80992 63578 68634 684 28011 7800 37389 41848 47224
2994 17
30713 8702 63097 79064 92299 18592 89280 10665 42543 28101 50273 61227 1889 95636 92873 43842 48952
2339 17
95783 84827 69216 65811 86162 55998 93801 48621 82212 88562 13989 73062 98479 16402 31604 63521 676
5065 19
32542 28614 40458 9950 71471 311 6870 20130 3096 69453 75917 99038 63892 77520 71880 28703 62380 89812 99758
6698 18
52944 76220 89391 78589 29418 14519 16542 70031 61763 48976 48503 90165 20552 78901 78305 78708 49808 57357
1771 15
46295 78328 11951 47898 6637 96817 2411 9148 73579 80587 51819 98109 6126 66674 93029
561 17
96955 95256 53763 74585 62468 97761 8806 97800 8987 99897 85188 81332 72772 51002 51720 25871 58923
4147 17
6268 11132 24947 46175 33093 38677 38934 63804 91867 76138 8048 13521 74226 40572 15603 976 36689
6468 20
33024 70998 45359 52653 12308 38772 39842 6743 5418 29476 93445 60710 84678 2730 85490 43956 3664 15038 81275 68680
1164 13
99830 97734 12671 8251 20004 42917 29232 99321 72200 73021 62806 13120 73124
2415 15
17257 74055 95638 94287 27490 83554 4557 80257 17962 42484 53402 36089 45738 86608 46548
6929 10
37857 1246 41736 74880 48522 51237 91054 27730 33361 59689
2097 16
71974 13950 4479 36914 56512 59220 99396 58614 95184 70408 55915 30639 19472 72902 35119 84576
6915 11
65488 39955 36036 74797 94434 5398 42644 29988 85197 71522 85422
4415 15
12409 38009 3660 33707 89510 92107 38095 4833 26454 60771 93816 61718 72021 12853 18084
2754 16
98693 4700 71756 52108 65435 63882 64367 86571 60594 64036 51675 69218 81834 65303 35310 70011
2671 12
82516 20662 14228 14101 80477 15463 90416 44181 35286 8859 37061 50145
4717 18
56201 65413 2654 29078 36568 51880 86264 68665 67252 43891 61195 61563 81351 28190 26828 49956 12998 79767
5811 17
85320 74557 6893 35642 45346 50897 25826 17872 73954 99537 13126 74209 1668 30850 72936 97719 72787
9460 13
2404 22338 72555 66906 87693 87181 10043 94677 3868 19632 60724 27752 43007
462 14
11995 88288 65678 36094 36722 92412 12322 82077 31505 72407 29109 84319 73681 45164
5107 10
26124 16207 99782 91670 89436 71935 42282 90546 25261 74495
5771 18
86501 33122 1209 24242 99914 72219 64988 59863 66534 3612 93974 75809 79899 54432 93188 49265 33987 61655
3679 16
43919 30290 53944 77953 73279 33897 32628 49586 15648 91484 54193 20209 39446 8895 23169 64846
6885 15
19537 27088 17732 85859 63259 5015 92336 6488 82690 55405 57256 37539 6480 66579 69466
9948 12
4624 24599 90758 23869 74943 15301 7578 78907 83858 60007 44866 55894
72 19
78903 86298 89314 46450 48253 91093 11162 4881 4102 54942 91784 59615 12452 17698 60433 38635 16099 63639 52737
8226 17
55921 97687 63151 39877 1389 80110 32452 94548 39729 67199 23282 89734 64000 62583 32778 42020 1636
2714 14
88095 16027 243 38324 20559 30171 61915 26672 18199 88007 77069 4870 1865 52974
5561 18
78902 86943 89336 22333 83556 56036 45745 16694 95691 22956 46088 19769 60024 62957 63862 77839 88233 66602
4892 14
11386 41906 67902 67747 84002 27342 91660 53588 42322 99600 92278 62575 23298 50779
7075 18
26973 99835 92121 86304 80133 37195 2387 66289 27107 91201 71055 29624 88983 17920 52111 92755 69741 753
7644 15
43396 26476 71355 59212 89347 97054 43063 62560 11830 22370 7510 86800 37473 51970 14114
7007 15
98729 80330 65628 37396 97215 51572 11291 48876 60591 4710 1617 52012 42443 13798 45220
1967 13
43927 40905 58156 8369 33135 92869 11981 43534 5236 44470 26335 73638 40595
891 18
5752 87948 33768 39858 68095 74930 64491 67375 77788 69921 44791 76477 88916 2533 6322 25101 61413 79752
3764 17
51167 69583 56429 71135 95518 6181 86064 75741 60695 26712 89748 84960 69806 33508 6290 76664 4642
3550 13
36462 62814 67059 38174 48062 59389 60417 44797 74796 25997 9428 61815 77749
8848 11
75239 24353 86294 52782 1925 23014 86770 15262 31345 36789 88061
6966 11
5047 7993 38473 94353 15390 19073 60597 16670 60828 910 90600
5730 15
24823 17026 97370 15805 99539 7350 37474 63395 21283 34036 97162 67271 69449 91283 51948
973 14
91042 56535 18062 83999 67173 94639 50798 92793 46139 6862 60779 92156 34780 64268
542 15
98025 90563 22135 98687 53334 56865 77058 77627 15560 88830 12927 45750 85408 60895 35954
4343 10
98181 6854 2801 51840 27144 14267 30423 98499 63682 7638
4951 17
60464 83976 54317 96872 60946 17168 17051 47056 80866 94786 99435 84586 9077 81802 97325 58531 79988
2786 12
15562 29626 88803 99560 10714 7537 53376 38790 72419 55427 27246 34993
165 17
77458 56855 28355 37089 6338 82111 76135 81958 78600 57068 71402 78531 77356 91426 33518 88798 29967
8981 8
73258 36381 15079 52999 53912 87611 89217 68881
9847 20
40102 53569 49572 25360 83320 76930 96190 11764 81346 98774 83562 67470 90236 51583 34886 42249 31148 86436 37905 85170
703 17
86055 73064 49338 23091 66951 89033 56745 36614 70286 79756 49317 45427 10282 39014 97238 73048 75982
7290 13
40944 70151 44016 82550 44059 33845 55529 29914 9800 25441 82954 91738 12415
8926 10
61989 93228 93664 3137 59599 81816 21798 54690 41560 21316
751 15
51453 15151 91075 275 29854 33695 18471 15535 59538 74094 70627 59492 94239 41058 15713
8404 10
13529 44882 38866 96954 82120 37115 91728 36801 13368 58196
5143 11
53407 25487 62203 69451 36913 10096 26250 84398 59519 97316 5084
6341 16
47705 63048 31193 16889 30680 99801 45482 11775 76234 41087 33842 88964 65179 13191 99253 50354
7630 15
2334 70287 37838 23548 58172 82939 86198 64382 60555 92006 1471 79061 20506 7311 47513
4589 16
15019 60847 25544 63137 69690 7474 16290 96657 57543 85547 13094 68905 21652 37167 35659 65364
2075 19
24782 49072 84055 68423 92693 1448 18433 18122 39879 70852 86288 50393 41424 87118 99139 69430 39111 4859 38228
5374 14
33074 40168 84393 50546 61236 86331 3151 82644 73312 10324 91279 75704 68019 91574
8648 15
33752 80463 5890 5663 61228 31855 85459 81295 22446 92903 41666 55376 40446 25704 15391
2732 13
98643 34513 60437 17453 48868 58308 55683 61549 12612 45352 30026 16158 32601
490 12
88188 10519 60348 30696 39605 97000 5411 44257 737 53040 24207 104
6356 13
17388 4400 65326 21125 40096 72476 48094 25571 41095 68912 81947 73897 81229
4138 19
7028 92204 45568 17444 74424 68663 55497 97831 57207 16048 41421 45495 34073 96595 37046 67693 59332 57000 6958
6995 18
65061 69744 28301 95925 7997 82356 31004 79584 44045 59001 88527 91388 64793 19352 36061 59224 31952 10252
4661 13
17597 72713 21867 81257 81821 13396 84872 42756 10589 97597 429 3276 51616
3202 12
40153 53811 77943 85328 40329 14449 78302 62991 91975 34677 33477 22439
4704 10
88817 45187 66137 47679 26048 79826 96939 11965 46492 14343
2614 10
99384 88518 40388 15457 15353 87271 25308 77377 57051 23991
1711 9
77518 15318 22263 27128 86544 87749 45685 15797 67380
5219 15
22188 22397 30980 48243 90846 11650 65749 94762 15058 27426 2318 89641 50308 86054 68110
5912 16
58401 15943 77245 7871 88435 63121 99381 14229 56772 17694 36075 35156 13665 55233 96622 4145
7144 12
14823 18744 37322 5314 5652 10946 33668 24144 31277 1796 15389 2316
7438 20
92491 76815 43162 1137 35463 42865 51686 50938 85581 86426 68645 50115 74677 29776 82920 7093 59314 89848 39760 60101
8591 18
31632 10379 50910 84079 55863 31112 79328 4367 30074 78446 94483 64419 92938 60267 60237 2595 49613 58214
3463 13
27267 93133 30102 56875 21757 50767 26861 61060 46708 31695 4164 24529 49433
9872 10
46559 42558 51849 85527 91580 4537 60493 32420 86685 56111
5565 18
4315 56005 51182 79310 77462 5639 91866 72878 48934 68023 14332 3209 64592 29798 66873 70688 39586 70730
1004 11
87426 7509 2399 71234 62479 24346 19231 71759 40950 77426 99535
5857 16
6504 40680 22716 72811 85184 94779 99699 7444 67607 86694 44471 65193 25390 58643 76320 32808
2250 14
38008 10297 87671 68845 14779 46943 19243 52198 54812 3417 3737 95542 84817 70257
2977 11
55942 3911 26975 5806 22277 93384 51874 12353 17198 1255 2309
1404 17
19702 51860 89394 34901 73773 34380 14495 52913 89789 58697 13095 52701 19170 48652 17537 22565 71159
5388 8
31625 29262 22454 48235 16596 47577 68884 6239
4924 18
92541 59614 93078 48782 56151 13354 87012 66749 44645 21951 44115 66609 99110 59889 33792 71417 66797 6532
6115 18
63877 83165 74708 46716 63246 1292 68866 8724 77082 28690 31377 25374 87223 30659 20120 37543 61183 7852
5002 9
31469 26815 79017 56284 79583 4951 10707 18834 62394
8285 13
57228 15191 77979 45320 34260 72167 80043 3807 13554 21592 93030 96181 51240
5097 15
99934 78906 44628 77137 61972 71511 79915 1141 93115 96530 22486 60295 20396 95489 68596
3218 14
97500 37840 95143 59691 5162 1010 52401 23072 46846 86848 23405 55521 84101 65795
1195 13
9331 14934 67451 34 58034 12925 16525 81708 60713 65784 61163 99673 79555
4813 18
53605 80961 33887 79227 94508 33141 80938 1619 4381 44893 81110 48889 56513 40613 46409 61968 4925 70504
7166 11
43444 35811 20255 99387 98138 86148 74754 49505 59221 58833 60261
9992 17
65697 18310 63811 12834 19245 84675 24118 50037 21906 60898 65970 2448 94642 54487 28487 97315 11896
4402 10
12941 59661 92752 56187 15847 94612 47813 28026 31459 4185
8093 16
89863 53286 34533 84931 1934 3141 17236 5675 11320 97945 22993 46747 93112 39976 35669 18541
5045 11
81929 91510 69841 19538 74295 15487 47278 22951 8168 5722 59458
1559 12
48838 83093 90715 51878 13735 44809 57844 91615 49428 21448 94008 32310
4374 17
77843 86257 83665 14610 8107 35776 7662 23023 84396 82383 36125 32556 91289 21304 65200 5748 76539
5692 10
94421 26153 76023 54138 28770 46475 30476 28546 75441 1091
5426 16
72585 5925 19950 48107 28081 75702 80817 89167 72459 51907 8856 68419 55517 80783 45328 94840
6493 10
18975 82563 75107 88148 56683 17080 80393 92547 95151 24233
9096 12
22767 38478 95825 41134 37455 83646 37806 56082 30748 85824 91376 35543
3941 13
35672 22286 84220 45541 85941 41397 16478 82345 28017 11777 80541 81858 68285
9061 9
97758 6623 14719 47228 34454 40717 6237 97493 36314
963 14
6568 37402 1039 98800 91036 83252 75948 83507 52089 82597 28885 80121 30255 72532
9081 15
8893 82682 3001 1161 31591 86117 34619 93266 71966 55774 27930 51304 56624 36605 37630
5360 18
33065 91915 18325 82605 56937 43051 56856 69020 20246 20416 31018 55642 66546 76585 22487 73095 1845 59857
2973 17
34945 69762 98433 33853 14497 14362 37616 34494 48717 25017 78862 12163 33642 18578 27393 61101 75883
4977 17
63297 11224 11548 49185 24860 50638 67647 37896 25892 76211 65947 16293 90518 29970 67010 28157 36862
7096 12
14081 74848 51471 7263 56709 98137 59961 70558 21657 37822 74167 11788
5345 18
860 89116 97852 15602 94530 98257 32964 24450 62392 72349 11138 17624 31374 36536 95436 90912 30131 56301
2830 19
73779 43765 27169 2816 85802 50999 24754 93477 11521 52506 81508 66058 69904 17347 2023 22923 62515 3571 65030
3726 13
25619 60925 84645 4363 64035 32226 36631 28561 19778 28990 85115 64529 98339
2510 11
20151 88952 51299 90510 94567 68356 58544 39652 58393 19813 70989
9833 11
74638 74124 14706 60218 13060 63306 4580 29207 69354 33929 42595
3403 17
22864 81290 55851 49060 73174 92509 9832 11753 20502 44693 7938 72494 81056 40289 69056 38481 27954
6423 16
6832 40246 95350 95909 60935 7116 51462 64766 77451 59936 10228 83681 28524 9657 92164 29438
5687 14
80350 56915 24711 77519 93903 16767 99532 26971 12006 1309 20019 40386 82885 64527
1800 9
62554 51532 24025 39404 31341 97417 88329 37546 81760
7442 11
43972 88066 83475 51910 88608 75666 95694 18588 31144 60742 84007
8505 18
51950 91543 75626 82264 70781 63958 99498 40259 80284 10869 86182 35399 62215 4848 44883 68405 68816 53693
8427 13
3442 82839 79441 50819 82993 85828 10276 43211 3291 28841 79329 63169 85437
5403 13
6510 7098 35235 27414 91840 15504 5304 96194 57799 51696 42005 21780 15278
6623 16
31681 42512 49504 89744 26996 96838 31814 60235 25918 2008 2855 70799 33766 27997 4384 46320
8366 16
92987 85671 28568 42380 10967 83581 90808 83744 48329 53228 6347 69000 38146 65423 87384 57116
8792 9
20600 70303 38764 70023 54232 6357 22102 89532 19539
8861 11
84481 93957 73046 79790 79049 43358 79861 38910 85659 88961 26234
7045 12
67035 17983 79991 43027 15855 53886 46945 40769 30104 48410 20267 64734
1476 17
47921 36162 67602 57158 72019 80283 96318 81097 86219 75901 67690 71712 97603 1961 97715 19419 62389
6893 15
86137 4230 75829 25011 6665 22537 47187 80059 96605 47292 69038 95392 84211 80312 95732
682 15
6927 88473 47847 32681 57490 93357 90207 68424 33000 75338 67458 3557 84194 97980 44613
6733 12
26945 93077 40005 89258 49628 29486 95617 99115 22144 37530 16580 43975
1605 15
27546 67683 73338 20077 5860 56570 6332 7431 29276 43937 88548 56505 90702 33567 19402
6765 17
88955 82728 94960 38665 67987 65380 45255 83389 91778 81792 4950 69687 38382 21043 92120 33094 15004
8644 15
35464 89846 73627 76680 22724 51062 68386 89898 23452 34877 87213 26767 53074 34444 30861
5551 19
2017 82686 16393 42531 49872 40140 25876 2528 53504 96884 2612 12935 42489 29773 99068 69726 35382 61909 30948
5664 18
90558 48407 99451 46966 62042 59453 89379 79939 64089 71750 23238 56387 74449 23990 26666 47216 35355 6082
4252 17
73224 19213 86957 72729 62340 26067 73659 92372 73169 87121 48475 58654 6511 28200 41155 51077 34069
9610 15
26024 15889 72458 10310 73708 51124 99410 59639 7226 82028 46899 81281 94445 8256 61799
7995 16
76518 7514 78404 25285 77993 19974 95027 30852 72285 47295 5768 64041 55364 74621 38128 96627
5094 15
31735 42126 66827 59218 68166 73576 49277 45437 35863 35148 67580 80524 4146 24566 34413
2737 16
1780 35484 13839 78710 64827 77444 43703 40330 3905 46156 33748 31512 9560 3325 25708 78758
1430 14
52734 2531 86408 53609 15871 68892 37841 18858 65702 26965 65737 222 89197 77859
1910 15
75890 32105 38706 10968 90245 17618 11762 90311 40637 48246 83784 77121 44994 88359 4959
9540 10
64100 76067 69550 40796 22506 34381 15348 3354 15073 99580
2331 12
99421 67429 47495 77431 7728 99841 78051 95845 35191 82730 79548 86018
1361 17
2574 24193 8013 66725 49862 245 23315 37985 93481 98455 82665 67742 36891 65315 13303 77140 36320
3584 10
46150 1230 27690 76939 81891 31535 72682 10706 8058 56888
9108 14
67184 69876 97664 3767 2947 44442 42463 87785 10878 5784 14044 85237 45545 21047
7470 8
47689 89688 60595 58776 24953 99819 97382 14340
1035 13
48726 50636 15575 35573 15701 38237 78113 99328 34097 73988 1425 26639 3006
3868 16
88866 35657 15235 78867 15483 8246 20585 93556 71860 77797 48204 36551 14853 79373 45565 38492
9100 14
40503 79050 41747 67500 72373 1905 53450 58793 26345 14179 24333 48829 6610 28665
8831 11
8173 935 21173 92109 73255 83003 9652 90428 8156 60767 28394
9795 16
82816 63213 20885 76529 21612 27957 51869 21198 17117 43506 66744 41804 76716 47305 20434 65418
2667 16
1252 19866 59392 52824 65245 24431 17044 51417 54198 24982 79793 77697 77113 65041 70178 97018
5123 17
68230 22311 31182 94583 73875 87725 4620 44 33095 44326 87570 18712 47057 32289 35623 26371 60536
3034 18
44302 45572 70245 1035 25349 50059 69266 18416 28057 88522 91869 64024 67044 64825 65198 41881 86482 97841
4051 16
80213 29030 33682 40497 1372 62246 65163 53869 98700 80069 68216 5515 8125 9620 17333 35248
1973 13
28670 94800 27527 50348 37676 96683 14394 94537 24433 68673 65534 5102 55929
9752 9
97353 51247 3775 5944 43989 27738 55576 19038 7306
8809 12
65406 2082 96813 42431 76208 57328 29388 31367 52657 48815 60339 21474
2504 15
449 22770 34013 53082 33155 70525 86931 83227 56410 7223 95592 370 67989 48916 24035
3167 11
16768 24472 54201 87752 45937 65740 46728 53198 50490 38722 12102
6821 18
34765 13254 40424 1631 64475 6120 40734 65710 47392 99232 74059 38721 85849 36401 82842 30421 2614 93884
4038 12
81515 75852 55901 46822 42184 52765 49080 8676 28298 46611 53368 95365
3565 15
18253 64184 33422 68206 99901 98892 30195 24100 76684 61775 91174 93621 44889 27994 69327
8124 19
24203 92010 91445 60124 17381 43674 16017 73964 63901 96909 47515 64953 77569 20796 74777 9262 42355 69653 93906
8330 15
75340 35579 80067 19806 17885 30160 55804 35551 27438 58250 62001 45963 59117 91846 86200
9017 13
91709 14022 5712 19329 60058 26768 60619 43329 91072 80430 42812 65630 95557
3289 12
10448 6747 52384 59597 93301 46612 37342 72724 93236 26706 50625 88478
6349 16
92433 96766 26165 26396 82010 96477 26540 26147 78121 21212 63767 4120 84043 93970 34113 17469
6980 18
53205 55463 46236 96257 95986 5817 40284 5705 37419 23837 57681 25220 52865 92148 18909 10247 345 57447
1351 11
89302 21165 47154 31055 36187 28930 19843 91501 59813 2942 36129
4626 15
40041 93171 5871 59185 72668 43299 61425 5799 55430 41373 31619 76669 47575 12639 27547
1181 10
5320 29214 27377 28042 4193 28899 92124 12567 78261 74718
9095 14
75822 3621 72812 18313 37934 86290 12473 93109 49484 14246 17192 86613 92928 20395
4439 17
6785 40174 54368 72389 91600 10386 75771 75100 39744 13903 11204 24579 65954 42593 99588 30114 9881
2868 16
97267 93229 13782 28241 26426 62894 50956 82584 77889 13959 58064 64559 74618 68021 16062 97707
2537 12
51082 16092 83929 67715 93270 41602 64285 95777 84262 29581 46571 91004
4713 20
7840 20958 42024 16018 72070 4500 47016 6256 15110 97498 15233 2430 70362 79089 18798 86903 344 55232 20393 76521
6763 16
75245 31959 41581 36512 91995 77733 47378 91707 40343 34547 84762 79299 33409 65348 39160 50338
180 18
56086 52970 71005 98128 862 79716 3243 20863 72660 75870 84541 97815 53633 57753 65750 31588 35394 54866
8796 10
5834 54729 48241 95709 73999 94930 83000 17115 79176 70427
3767 12
93034 1089 40631 78158 48637 85214 34176 32577 88197 30125 81517 63332
6772 12
19919 86445 24112 75938 62509 23500 45113 88834 90050 95512 46842 68161
4535 18
77091 28322 69520 66425 25667 36600 7516 58582 4879 96236 81877 60973 23752 57008 17603 59703 30949 28816
4919 12
6006 89104 98753 60469 76319 74860 92830 19554 30015 97559 24316 82160
5830 18
60649 78489 12702 23539 13259 72903 38494 66515 78890 31295 24291 6634 69900 66499 72095 48468 88894 19095
993 18
37640 5913 15551 93522 98506 73163 73605 65658 98571 82869 96099 1939 76936 61584 62743 3923 81791 83276
4397 16
58227 62566 70596 57816 78149 26663 18659 1045 63839 88370 10042 47282 61075 41856 5263 27853
7360 9
11512 42389 26904 50678 48561 23450 99682 33085 93449
4083 10
52309 1959 71983 16089 17715 23437 67135 43990 92141 3262
6899 12
95073 51050 94621 10095 83721 85338 7382 66671 56318 85529 36977 66595
9486 14
25214 29781 88324 29916 88042 144 96171 42294 1142 3667 13021 47863 25217 81616
5285 12
2419 33018 41032 66260 64457 26087 669 31780 84286 39323 17578 83059
7937 19
32944 58431 7517 48614 78805 4329 81827 13847 48712 50105 34861 92731 97092 79984 74379 3015 12807 12068 62239
4893 12
28005 30989 75560 30105 93129 56984 77511 45773 96674 37160 4774 29853
9227 13
75128 42200 67461 30542 63726 66562 43939 98859 18981 38461 17766 14391 27902
6152 12
5991 71306 14160 94538 6315 3713 75597 71362 23049 16806 24180 33034
4457 12
89928 29127 89588 43625 29944 10762 39188 52833 87383 13166 72866 74825
3025 14
89152 795 16177 78860 23992 75910 13068 78581 12837 25569 2813 33754 62511 14804
7259 15
28997 72463 70983 5724 76191 32807 65832 25195 44513 28395 76989 40686 14943 40291 28376
2017 16
20243 5622 94563 97604 74179 75426 76967 3036 29367 17264 23740 62087 67785 57327 59125 14595
4646 17
64540 30050 57217 74853 8376 87555 47445 36223 73883 61007 99991 61592 21572 37218 89958 94651 52237
5890 13
45170 21303 87132 51014 54564 2906 38068 86418 6903 59698 74252 21789 60359
3058 18
84503 23525 59253 27952 89632 28229 96908 68327 79532 38496 57480 35083 70296 4319 35184 21816 60185 45162
2664 18
52093 54995 84514 69525 70202 65434 57718 47150 73448 47589 80596 57976 96111 73485 91693 60287 30059 39531
350 12
63551 16689 4757 28363 2565 10810 43238 77936 8204 39345 55647 34408
9506 16
61131 32320 91177 53947 54080 28035 82657 2253 55571 95401 73120 64272 48747 33125 52150 24168
8056 12
31110 63827 35890 3561 75487 45770 24457 19817 34361 17128 96476 28167
2086 9
71240 64126 8855 22534 69080 50175 10082 10909 21483
8624 8
16149 95528 43169 3347 93028 13968 61292 26914
9714 17
53291 50532 32449 66724 5309 62448 44892 37184 66213 99827 55377 86864 56006 11274 1713 81462 1513
360 9
51762 9390 19893 26241 80824 80851 30215 77074 18869
8211 11
91735 93585 30378 85379 38720 38438 17390 81279 24150 12421 89942
5513 14
56844 71501 87634 44137 68500 31381 87175 49374 65210 58261 3443 85906 53280 39013
5175 11
34740 886 70139 29872 12890 81030 74994 51604 31419 57263 6659
2535 15
91013 214 6673 42348 30238 31798 82376 74586 89687 70731 84923 69875 11668 71440 91069
4496 11
51627 92646 61278 53580 54582 15628 93963 95947 86869 2210 94856
7338 15
53832 84415 35371 4659 37339 41679 32836 22529 44353 60799 26694 67426 44533 42876 33146
9548 12
5328 33079 12593 79741 42365 49282 76966 2920 87321 90100 50610 65341
7294 17
9222 87816 64804 14773 92094 74403 83381 24763 83796 14520 10973 23108 1412 79261 12787 55349 21556
2161 12
85231 60933 8541 77726 35535 42313 79403 33316 54735 11177 27813 29731
3852 16
77060 38591 83839 58777 48069 187 72242 77869 53683 15380 60599 40172 78232 30191 74830 9965
4473 19
42415 4317 53865 73746 26005 6122 81713 50259 71325 49167 23389 95684 43064 18569 91984 51623 80782 50710 77021
2515 8
50821 62625 78082 90178 54834 72239 69729 97474
7494 11
623 10857 41288 10663 79302 90878 36353 70468 76735 4463 85508
5202 17
18250 60356 31782 86155 19273 21096 65496 84690 58369 62898 97824 34541 87187 84619 58381 70761 15311
4156 14
29133 8783 26496 49995 897 15988 93823 77216 41329 4139 87078 97141 38579 50429
4979 13
55331 34099 5945 52596 9990 18678 82888 57151 68539 69293 52458 98510 37300
7050 20
53270 13613 34199 40683 37230 11958 63853 85014 79055 21397 54619 37315 66657 45019 57452 39815 41269 35575 6540 84806
5200 16
739 17045 73487 16919 38119 46191 66843 3784 60888 98368 90506 28276 60617 58521 59035 60677
7474 16
31076 56439 46285 10368 56389 96179 10447 37821 50513 88361 26720 40882 74623 20262 52192 55913
1067 15
27147 76246 99738 11394 60848 55951 68054 65785 13329 45668 60161 32169 88068 55155 15731
9064 14
53135 11002 26172 48449 81296 36301 27417 75503 50724 59567 14144 68486 63288 67031
7611 11
53390 47914 18521 77532 38709 31248 30601 72767 71784 11570 56217
713 16
76825 61069 40408 3566 91155 28713 45387 49475 28565 82198 32643 96448 89016 8217 52742 74248
4709 14
2950 48454 95146 2618 5092 99015 23260 21958 22896 56521 83375 32335 17018 99818
9077 10
19144 19468 25597 97153 46321 44704 8165 27174 33616 74177
984 16
5364 20155 38364 55512 3149 10131 98443 62866 78657 26821 43392 43599 29093 73305 67207 99627
9566 10
52477 57624 65721 48216 76358 44518 60741 85657 3302 41865
381 15
83622 64923 41769 26995 75098 86835 13349 8747 17315 7 2754 40665 97925 3837 78218
9431 17
52589 54312 66093 72948 99710 56225 59627 86009 20445 29574 92356 20072 15629 9232 50933 86163 54152
6588 18
60125 88210 75995 48982 50826 49067 50809 7618 42352 66794 98341 1988 82960 38766 2159 75758 37636 36766
1348 16
19371 53262 13098 39422 90465 58518 6111 27379 41574 10838 56091 90943 73329 9142 55706 81953
5357 15
30926 28226 86311 61566 49688 23666 61616 69433 2897 29070 41159 14299 41964 15395 86499
9080 15
62283 62624 88381 36678 10837 22636 82772 71727 61045 50566 65491 25423 34134 95328 27874
6416 17
92349 45119 10158 52550 57172 15413 5425 10699 20964 99308 16620 66830 56390 81253 47968 90005 74318
6418 17
14997 22844 79744 82879 91998 96150 57577 75744 3708 4176 71901 55251 7124 81382 99717 36770 55802
1844 14
95886 84941 6335 67733 28593 32769 92028 98585 3226 22883 69508 67700 54363 19179
9124 18
32653 44053 62522 92274 20981 15298 21421 68026 43429 94572 12780 12191 40886 79060 15162 60377 72526 17411
1254 13
19569 14713 36053 40505 51460 21560 89381 46579 20436 56527 88940 83997 34716
3622 19
17987 75569 4741 17060 24612 1945 95080 22725 73330 90636 57909 44900 89331 42567 76681 66237 80674 11707 12239
438 16
66969 35391 83889 99274 35054 32649 42082 11330 66175 69232 60434 89610 38629 79345 63712 27092
3250 16
84792 24436 18470 53961 2956 87903 74616 41381 15285 82689 3942 86017 85404 64919 30398 58421
2908 11
20969 46658 56188 41295 34005 59140 84953 82047 50659 56549 9530
6327 18
75885 69984 17312 13024 29164 30559 4165 73051 54813 85312 81507 30031 18304 49531 20231 97058 44738 17976
6779 17
96152 42236 97360 81514 80698 32041 23458 17379 64219 28854 55496 41851 47812 2282 47364 64426 24773
7956 16
23650 83790 34990 86621 25103 2365 19498 11082 59305 43098 99270 76310 39793 8361 89710 91358
2991 18
80187 71546 18985 82300 90602 69656 35481 465 85266 16259 37044 60312 11897 37961 44075 3424 5604 11800
854 20
41186 99670 68050 46127 41059 92231 24645 70000 20317 22817 81781 40915 38894 59807 59064 78498 30572 5310 95779 59377
621 12
43914 70418 44732 34869 97480 12449 78237 43214 60228 71051 26690 42478
3406 19
39556 22649 28551 67680 2525 55139 82917 53507 3749 37390 86556 77535 82683 84299 66604 2838 36740 33196 91345
3394 12
39436 15939 54203 95135 81118 98924 10938 58482 2863 41598 64967 93786
8659 11
36054 50421 50837 71598 57540 74354 16263 46930 33893 28136 70857
5184 8
52462 84137 86390 20590 64904 16570 50275 49202
258 14
16986 84162 67745 90963 40827 58415 87007 60625 85114 81465 47858 34119 33800 58437
1478 16
29736 81910 56764 95287 59763 21990 16091 11030 70272 94114 99281 44076 3165 94760 16541 88154
1723 14
78751 34302 40419 60342 93635 73071 78358 8285 12887 87936 33651 33745 95946 70344
7963 11
9705 79522 74147 66573 28370 74649 89191 61205 25831 49736 63912
9274 15
91351 10834 72297 92191 84407 72563 6087 84268 35871 36754 82927 39268 77358 28911 59556
6189 17
84448 29089 80523 60912 16253 99320 27544 57806 72577 28025 77413 55154 74773 38508 35114 35704 55709
783 18
41389 593 99401 80409 50900 32306 89896 63943 68715 92020 99706 2958 18165 14838 67862 55062 85759 42106
3999 12
97302 56661 65489 13657 77440 87352 3733 12382 98584 34483 51204 22678
3981 13
34633 47001 29189 15513 11556 21890 16378 53195 24824 8408 29157 4900 28564
1732 13
66346 85095 36969 95742 51465 83200 20354 35228 69460 13456 36844 59602 13721
6633 18
3560 97717 48990 66888 63971 28747 27148 23120 50672 7343 13722 4861 71810 12603 38820 91131 46796 69673
9367 15
49908 90301 10106 32324 43507 82428 36361 49525 23025 31744 69960 94991 55924 65640 19891
9507 15
47750 61625 22639 76685 37861 426 43700 82357 50520 84733 38469 13243 107 28393 46675
7575 16
67566 43509 79454 43121 81317 53525 60496 80057 14517 96630 31529 11851 99998 56723 57733 66420
1024 11
32114 24268 22368 4972 52032 38759 61721 82442 58408 68426 20277
585 14
68035 95338 58239 10728 47000 22158 90553 72114 28778 78187 62068 98225 40085 75655
2200 11
65165 88829 99833 71186 85916 15714 48075 57766 20587 46567 98647
3307 16
60928 23112 62701 61555 3028 29291 80457 25869 44376 40813 53292 74641 43229 19159 68951 24765
3991 16
13418 76039 74394 84748 965 19820 53412 90156 47613 18276 89303 14661 49440 63001 46311 59533
5397 16
53613 46379 25888 53554 78555 3816 98963 53189 54150 71639 27789 5699 77282 94475 15078 73351
2848 14
31963 69102 58578 43702 98293 94845 33192 77165 28308 28054 65442 74347 83820 50366
142 8
23765 27708 52504 70926 72905 44876 69776 29870
2497 13
10644 80191 81091 90565 30941 41298 89009 2357 95546 66535 33888 86828 11387
7512 18
26310 13473 74 35094 60390 32530 8122 90572 88722 64121 25400 64757 45226 2705 76456 76140 50160 93792
4011 15
56544 17556 93247 91863 62780 27333 91367 45199 64750 19886 71497 25444 95834 84344 37512
4606 11
34227 44605 93551 45877 24020 57936 40242 93740 20684 78370 59143
3190 10
77446 22820 44637 87931 69330 58233 81909 66225 92758 34229
5039 8
61261 37338 22483 51015 51336 24007 6641 98258
365 12
37998 89732 23906 53883 92571 23100 48211 19840 6890 62385 2001 26869
1868 11
11514 31924 61130 16181 68996 57376 50201 96293 57160 23550 7898
8798 13
64225 85686 36331 92234 87293 78636 78606 67595 85202 2110 85775 40693 68243
3722 13
74617 77650 17420 39803 30831 67561 22645 68679 8250 38383 86539 99809 81754
909 16
89774 42366 87173 17502 33171 27663 24854 75877 65927 51278 94417 87262 8163 92502 53707 68062
9028 14
33839 1506 85016 37017 90292 70946 18377 69008 27682 83450 51723 71195 9170 151
3156 16
60921 70022 41816 44433 17659 48445 93278 41314 20300 18056 82727 5883 69169 68184 43827 94725
8839 14
73517 13780 62467 17418 61444 25692 4964 15830 66404 79479 48420 24954 25978 76776
6232 14
93005 79311 66470 94921 94613 11405 19078 94076 52136 39407 11374 31697 33573 24693
1899 11
23284 60303 1716 58204 57857 18414 54589 9339 93748 42150 25893
3205 19
30243 89005 34194 809 54008 48744 20758 78036 40700 96931 71591 56958 69207 76807 42953 82634 72304 84068 67438
3318 13
76786 43084 69979 1598 61006 58059 15194 32281 86023 94732 45513 22250 80271
124 16
24621 24050 73992 27245 14060 95809 42217 1761 15639 19998 50535 14797 15396 72008 98554 59965
706 14
20841 2800 13147 15331 28375 2442 10091 9322 90300 1804 10130 96598 21956 27067
6957 13
41944 72670 69907 32686 89883 94880 8280 35443 97950 4446 93239 16211 51669
9751 17
30671 97787 77396 94983 86798 40731 68269 36902 6374 78043 81153 15698 12414 92385 68977 67431 16176
7293 14
12574 14667 70986 49312 51647 3704 36429 49885 78972 14763 57054 73884 13465 44087
9534 18
69664 94191 812 93040 26956 59041 57504 29539 9067 52139 78748 78828 43216 21698 57427 85611 53740 40101
5604 17
88745 98615 83808 9978 26363 26512 42354 3229 21085 83291 89538 63689 63423 74267 98019 95456 75707
5607 16
87884 13976 40859 1577 47916 93808 59715 1237 35592 99744 66512 1411 49891 2953 25977 86135
7794 15
45367 74812 91529 78504 52235 724 99225 26148 36270 87669 51994 86671 34555 45017 63276
3970 13
1978 58686 81727 88203 84154 55513 2949 90280 55053 80384 32750 37441 3427
1168 17
30282 62748 19358 29536 80615 68517 38444 53642 83412 55040 94911 33938 35846 32721 87332 19266 25875
7038 15
61179 99644 64379 87874 80352 22970 34793 74706 3068 11272 45102 70019 43484 16268 19777
7078 18
6535 33797 18627 83541 64421 29359 2187 26141 51012 73397 74044 43578 94088 37913 13571 61642 64525 65959
8139 16
57494 67726 30109 54522 68501 56432 99605 98805 12427 8074 69867 93749 87734 10964 4255 15831
4130 18
833 22451 15410 34188 86176 14511 45861 41392 15077 71128 59238 16453 84359 50355 17389 75000 23382 52884
9198 9
59003 74088 56094 80334 68760 78078 63255 98340 70340
3552 16
43720 31819 89918 68779 4127 85967 42 12167 69434 15879 53591 77022 64890 46670 39157 58989
9190 19
96357 1958 45448 64270 18878 19799 50787 26855 69650 73766 50452 36196 52626 81730 85464 6343 82163 37077 30253
9399 15
72644 58992 61898 10385 57177 24519 51538 91922 18540 66141 21818 55071 12168 24630 82656
9353 10
37027 31682 70253 81804 42507 20075 93341 78811 53825 4698
6209 16
98836 4248 56753 83615 42256 55237 94080 65669 31357 73196 23915 4664 50002 60849 4689 53650
7493 16
26660 83598 79072 99864 87541 90060 85267 52915 85796 48977 93534 50461 2100 78279 90439 7072
2608 16
17701 94767 70583 49034 37863 80164 11918 79658 63594 86940 54742 36745 56123 99212 54180 46504
414 18
58203 57632 134 4391 35170 30257 13209 3857 11876 12491 43849 47195 82540 55000 67594 72431 75477 61099
2904 9
19713 55723 27446 54135 43181 31835 94923 42921 91335
8128 11
27904 98960 25117 78649 19960 19901 260 53094 95115 6491 2429
314 15
63165 1523 93867 44995 50012 59963 60167 22302 10109 84531 64337 88138 70539 92456 64334
3246 16
85337 56250 92785 65762 60922 65952 17430 89760 16692 78963 47320 87941 57524 76156 64095 29981
8261 11
69785 52714 4281 1120 14258 4423 91973 78430 93877 36050 13211
6783 11
79679 16383 95095 33737 2324 57165 44717 67583 48392 51427 82698
4306 18
95376 29454 57982 40338 60127 54613 47720 26342 80893 70647 41408 22106 95842 83553 35177 24200 54498 12242
6886 11
18228 31876 27227 34128 73537 58564 5969 63331 98641 9162 96184
5555 15
43114 41617 26780 5128 48511 40617 72557 77368 44824 52666 43089 53231 21604 3773 88406
9564 16
78145 39193 32607 38194 65091 3879 47827 70424 56167 77329 94564 87438 92259 89514 36491 69604
7914 13
57089 74671 81934 97637 1456 96940 44292 66882 49133 46977 16138 59744 21151
495 11
91286 62285 14463 5337 63009 35150 12937 35848 78162 37875 98669
8412 10
96599 69818 88384 65076 3224 47400 71832 38169 75065 63364
2753 15
32007 99420 88793 53938 54320 77086 35308 96390 5137 51455 2191 34980 58474 52753 12357
4019 18
46896 75900 24748 73502 77622 68577 8242 4418 93507 11158 45883 22638 28194 97352 70984 86048 97287 17988
8095 15
6228 90214 90909 56953 66163 55875 17722 4572 28981 47435 13218 16669 80424 92161 73611
2990 11
1694 86907 18740 19416 91454 21894 92293 96168 91357 55196 29099
4766 11
52953 53045 60239 17846 69725 10654 17282 81859 85998 71815 3503
5931 14
49252 96836 99511 9728 40080 44063 27522 96216 25042 49678 65322 45909 33896 17093
8628 14
92518 10086 58598 90841 31738 19720 47784 78777 44180 72673 70325 25297 63623 15373
5761 15
90886 19707 82127 82537 22202 13204 17367 70757 59747 7101 77951 51586 9465 58848 84117
1504 19
89495 53279 27272 73289 60114 6788 33029 48312 55493 5201 87612 81801 76629 36228 10783 25159 95023 12996 39026
4973 15
34759 46803 66349 65988 77469 63538 91514 68543 80425 40476 5097 90326 57249 48542 98546
2013 18
92691 53835 31217 65444 23008 25257 71968 64823 44499 51428 16225 51244 95549 58155 22440 9792 64668 41015
5172 18
51447 57499 78612 52269 6742 17102 52564 57587 40985 22553 863 71104 45727 8430 24432 67828 5955 32583
983 12
8149 74032 80601 22963 94891 23431 63719 42650 21861 44155 13684 1403
667 7
49708 28636 65505 84084 6328 4430 85898
4278 13
1017 60842 89993 71948 25418 25988 86558 71572 84134 4872 20348 54399 95136
4041 16
36209 67203 61332 7519 42016 39959 18840 94230 1697 60264 29633 30664 48152 79585 5935 58815
301 8
80619 32502 27535 79443 97084 12478 51829 61545
9963 17
54749 66242 13534 51392 11101 74257 13159 43895 32448 23537 34741 1914 27003 99824 3471 35723 47722
7010 13
3374 50049 76342 73618 32844 36326 84419 76992 6527 88013 33506 7866 9494
1268 16
47798 98037 17914 42468 30239 12045 85192 73816 97669 80268 17540 21854 6648 2779 5787 68325
2257 11
37279 92596 8041 97877 53545 49709 35380 24086 83071 26567 44184
1182 15
23301 95944 52519 32570 48025 75054 15796 18469 36608 70603 41677 64053 61254 29198 39364
6079 14
81771 15659 16853 80276 77000 76709 22024 26665 61223 97034 49 49798 51612 10997
1661 17
24511 85544 148 52131 31834 63329 54200 11558 39745 99581 61243 24792 88907 35534 41620 75322 86486
1648 12
89792 51245 74578 939 87324 98662 35960 34363 63041 89332 70080 2815
205 15
48013 59987 38482 66489 17610 89409 35266 64997 5036 28752 22789 15899 54398 81965 85922
2235 18
18597 56327 81026 65586 75038 47269 39343 91372 60651 71171 90978 91502 94805 19971 4980 34107 31664 24426
672 9
64764 28266 97881 1186 75845 19788 14983 26742 88872
2890 10
60955 55383 53382 58072 64427 8520 58129 58257 87869 59460
2657 19
12476 24266 47663 66936 60851 70935 67057 20372 29608 68893 46433 83921 86839 36709 69036 14268 32792 86153 42175
2892 18
51425 30672 26190 51820 85247 50451 37513 56667 55996 15090 20135 74543 20815 53745 9474 72634 10531 69949
521 15
57801 7326 82837 88648 85149 53166 61408 4233 76673 2254 35549 98259 2059 84559 11261
5933 10
95523 56989 57640 52059 80946 73147 7410 98996 33213 67783
3737 15
43158 47737 85327 59688 21489 49181 88312 12565 21407 43515 34756 68991 84845 12217 59149
6609 17
62769 26726 22173 78614 73426 64281 69910 20546 84281 76612 15824 8037 44884 34525 91760 17782 6635
8055 9
22521 27057 94700 47123 17400 12613 52287 41368 60893
9203 11
24592 81842 71731 83264 8470 38458 6905 8113 67814 91060 87616
6702 15
32460 89309 25794 18442 19296 36390 25065 65657 46273 75983 76843 41999 8808 81785 93166
657 8
39742 7188 35060 62073 18766 28948 27863 42847
840 14
7307 56240 4366 40919 31436 80058 27925 49731 15538 13123 80803 12625 24554 36179
2457 8
73007 58821 8334 24780 77001 23508 55480 36987
1679 11
51344 28976 19995 68538 25432 90049 6282 57066 96725 72933 20174
1310 16
21496 24043 84607 58675 59988 83275 71875 32186 66170 57469 72089 55867 80156 21089 72820 29655
8998 15
70957 80193 56607 45739 78129 93149 1144 10281 92089 20109 4177 43062 91401 50559 38033
5805 11
750 60441 10948 44922 26733 42579 11382 38167 17515 42416 17082
7801 11
92511 74929 34242 64579 8998 53143 52343 42360 9805 64401 67131
2567 15
36475 71812 96810 20741 47761 8448 15997 18612 17752 63381 48742 72348 30691 72801 96368
9449 17
53333 30370 66817 38176 33921 8497 41342 91385 36705 61319 63518 24837 41236 36389 70835 24686 34502
6387 11
85082 78762 98934 96352 36080 96160 47331 16104 15951 29687 24505
8222 10
56920 89187 98195 45179 82830 80975 52797 63316 5394 32921
3347 13
67037 18047 27081 63909 73956 39798 79488 42963 86885 58386 73455 63417 24924
3470 13
20558 98740 83206 73037 46955 33836 78132 77800 56067 72116 20222 44068 23632
5105 14
63294 86497 25937 43384 62790 58870 11408 66158 5269 43200 24416 23803 41571 33920
156 11
13469 15885 65197 1251 54977 73296 20438 46885 42859 47307 36043
2440 12
36019 32503 17250 95621 29022 52280 48961 273 51054 38466 44569 95859
132 16
56716 56677 92316 48109 92607 10227 18058 92123 31805 74613 28635 93114 45033 18120 79832 29668
8843 13
62185 75867 51046 50624 58949 39604 82538 56130 30128 78685 26685 6612 41879
829 9
55346 64598 2020 87347 79013 57872 84083 71741 11202
9434 15
8726 33538 97272 57968 99690 66414 70726 10734 8982 85260 67112 15452 80525 37658 63225
9918 9
71772 47523 14457 27484 83949 61821 79933 49584 31825
5547 12
3379 49370 50578 77720 71951 9153 79694 89992 77659 83536 5500 35887
8818 12
62386 42040 70211 39943 2506 95488 294 27965 86782 18827 36626 40659
8482 16
96977 78597 73754 35307 81431 79819 67501 37324 61594 84574 47033 48488 80066 56376 15793 16809
1557 17
3194 79620 23157 2858 11168 5566 64895 5543 85028 49134 8127 13668 60485 657 24504 69284 23294
7838 14
41456 59223 32256 4101 76370 81182 23853 44332 34832 10875 44970 34154 3645 23441
5765 11
68457 4691 88576 21176 65957 54227 37791 89199 15756 6430 86956
6826 11
44766 75337 41184 46958 6581 56931 49952 35453 17486 31516 45341
293 14
89089 32085 1378 30919 15322 88008 35161 19233 74344 52805 66807 87656 46410 23028
613 14
45699 1648 27843 58267 66286 64411 58866 58538 62608 3318 53323 6207 23127 98922
1996 12
30382 63868 73587 26562 15683 24317 69113 33775 67027 34632 40074 83088
5810 11
28584 21603 78493 86804 63360 61998 92677 51085 74309 74884 81225
7165 12
17802 81023 21281 6524 70985 15024 26737 84524 20778 84460 68646 60120
8958 11
35279 63505 60861 406 59386 19992 60567 55120 9150 37090 68824
2111 13
29311 8110 26952 60105 43759 41618 6653 47961 10258 38453 6578 5996 88323
215 12
57345 89190 66100 57002 75230 94955 58909 80511 91887 73349 85451 53445
5006 18
54408 54828 50106 43268 21514 30427 91079 53649 6050 25614 12938 18289 57867 64415 76702 95257 35815 39830
1448 14
89811 53233 91418 45379 95566 14370 97191 46160 88725 92889 88507 45990 61385 52876
9625 10
80192 42253 90557 66867 21114 26530 65021 1025 27580 20165
7351 17
54109 67279 72240 58439 61674 34023 72391 40042 38075 13311 36168 23973 14182 22850 3102 96421 28531
8033 15
2919 8024 38348 44501 88568 46948 55854 41502 99271 73056 64948 85106 26887 68909 86261
4830 17
90407 65869 44469 43359 19407 52179 90737 12587 50014 47652 57205 38252 297 16188 9797 60012 31810
1397 17
17529 14265 45733 50055 83582 56640 1422 62582 13136 29597 11232 73566 80506 18788 92248 95221 66665
1978 11
39689 25345 38207 98454 26571 46371 98923 92074 76064 37793 14277
2887 16
52250 93017 80591 79304 49005 45836 69447 85251 22640 59569 83250 38765 9226 99720 49829 36666
1044 11
32697 36160 46398 51997 46663 47616 72992 14907 60159 2081 60633
1659 14
6279 53843 75181 66551 60276 19804 50300 56181 17025 42808 55938 76475 35568 43695
7666 16
57985 59732 10829 71368 43543 72848 62577 23158 64442 4587 74893 67198 35764 12676 6528 7657
599 17
77874 84613 56373 86730 12746 11155 89722 2772 70241 78333 95277 91700 23800 25834 77534 87674 87928
3698 10
91786 32312 3504 64709 18098 68347 32386 8503 29770 24081
2865 14
15962 42951 37273 23953 59338 22468 59061 25546 39714 96130 38450 72684 49230 78982
6020 17
38495 38747 65581 38092 37584 6235 95373 7074 67998 25232 95225 141 35028 77779 46814 20367 5209
814 17
23036 55991 46466 84848 52641 17022 93376 54707 50581 84488 75362 49076 63855 36942 97902 5977 93737
9638 11
55763 68397 54948 61154 62090 655 53284 48586 45336 15986 937
4803 12
38697 93237 88996 10540 25838 42472 64724 82890 31486 4008 88501 54173
6464 17
78557 73781 58880 71231 73743 42483 37271 70117 7568 84763 66338 51166 88610 42093 7421 19163 8972
3234 14
23146 68210 33474 36246 78255 83097 56990 93421 7000 33830 22305 63563 16414 82700
5661 16
27768 10593 35130 1178 30888 45935 4310 44713 59624 82775 10847 7462 75061 34833 56249 83324
9082 16
85549 97438 39293 29971 23184 62562 76887 37878 88048 74970 5948 26797 16954 95219 60454 14015
6188 14
83244 1470 63904 6076 22434 82998 53838 45607 37085 40909 31166 35967 81763 98498
8582 12
95124 31680 49047 36499 73331 83989 41460 90971 78272 56004 91550 36362
3817 17
84587 27449 37798 84939 20117 12370 88142 35154 1970 76056 23889 99112 88456 97393 99407 554 99990
9257 10
78720 46564 33540 81248 31363 78962 86722 17126 82940 44352
3214 15
55486 26395 59359 52409 95466 22966 9441 90645 61832 96906 80658 63461 57011 86385 46305
8982 16
59681 66278 22153 5325 61247 20310 47826 76643 64244 86490 87726 39197 79323 80064 89082 60915
3792 12
75482 9826 52065 47166 8578 32753 92435 66718 98249 1767 52854 1063
9489 13
45503 18137 69838 38547 19784 30649 91694 92402 1669 4490 88497 29598 56940
5095 12
42635 10740 9341 73565 35594 35743 72588 34202 57603 23429 49580 54888
1246 10
30500 51374 25166 54425 80211 20097 93683 80527 90353 4487
6887 12
87553 21814 25554 5506 17316 83639 65310 9199 97289 41744 52867 24139
6446 17
26401 15900 66792 68545 68205 46530 53448 69144 36923 35735 27618 83774 98393 99013 78839 10142 58291
7089 14
34870 11262 85517 55925 22833 76058 83525 85957 31087 17002 96454 43482 93726 32113
1826 16
83330 21922 66497 18765 64048 26070 38060 79766 17481 62632 83776 21512 5968 9471 55687 90765
8083 14
50488 77389 4258 94588 18103 48144 56422 5753 2707 6771 15747 1253 83854 93436
1029 10
2582 19794 64097 79024 7468 15258 90196 25966 52505 55391
8841 12
72659 84550 36520 68411 51934 90949 85002 33631 9894 17203 60487 20256
4436 12
93701 40580 75144 73297 93493 88041 6097 74014 84644 67967 5018 82063
3128 14
25896 81527 67020 40186 96054 45531 36617 45471 50377 60198 67480 66658 88021 20388
9286 16
50225 86477 26962 87900 66849 44411 43336 11219 12145 5441 4073 27276 33249 91755 78822 99937
4751 16
57088 89530 44506 61082 66529 17386 74636 63291 83106 72919 17207 42928 71915 13108 26378 41838
4072 12
49199 82737 24964 82192 45975 79313 66899 72640 79547 20232 68899 27998
3919 10
90734 1184 40245 66590 94347 4461 89941 15819 56056 69802
7143 13
45165 61091 34953 71568 81037 20580 33208 90787 82181 55892 4712 46194 35678
6370 19
33734 88380 46583 427 32239 37690 34253 18097 91160 32566 93433 94898 93870 3501 84683 43840 60385 40362 25601
8338 15
43634 9198 26755 20665 77152 55329 2866 50955 1492 92112 68732 12663 39620 21354 51741
6380 13
96388 80460 22929 80653 55784 62129 43186 64808 94526 87093 39333 20074 90161
1154 17
76263 89411 4517 21593 94666 38244 68390 33886 87964 22384 93107 44725 45281 78403 13341 36558 10939
8363 20
86460 75160 19297 8218 22066 24495 10067 58215 52197 4338 95698 79757 90492 77027 21268 21457 17958 421 13267 12905
8721 8
82854 479 28857 62649 15305 24330 44757 41068
3134 15
34939 78031 85767 57795 66699 51206 76660 34373 24736 76719 79014 48041 67351 57609 96407
7624 10
36908 74820 49741 45974 48802 40917 27731 67049 6321 660
337 12
42781 44595 21105 60311 90248 2378 60537 92183 22544 36601 92029 54872
7555 11
80645 59433 9913 34991 98853 49271 33388 28735 93960 62262 31057
1331 12
69820 38127 59676 12924 25333 72124 53581 3541 86946 81015 31281 59974
8586 15
9338 57052 91898 62142 23871 63990 21071 99515 34679 48353 95205 72500 97068 72661 10523
8521 17
64176 83416 49863 86004 86374 5922 3523 9525 14317 66555 55003 92700 98065 75115 6293 94592 72412
7407 15
71967 84012 99915 65910 88573 17054 56070 58136 75113 18397 5091 72956 90246 46170 41471
3967 13
45867 5029 98150 3934 81836 65345 82439 89256 37267 16002 78743 37839 9551
7658 10
8891 20970 40645 48988 55638 62112 25900 47815 31242 82620
317 7
87192 14071 82751 5507 91989 35908 47106
2998 14
16572 31009 41318 13822 95424 71448 88364 26160 12141 54540 42006 59790 14986 26729
9250 12
64333 91350 85035 44363 81473 22362 26902 40283 47229 50572 401 36413
4067 10
47766 67754 89745 60634 33250 39419 53144 91082 80449 95975
9787 10
4320 22920 9694 89953 10729 10500 7021 5200 2616 15218
1948 14
51547 21221 44912 85158 90682 44627 62011 21302 39560 47299 87494 80843 99273 55184
8134 8
80103 15343 96287 23948 86911 64477 61865 27401
7309 16
3127 96155 81415 23223 96211 55667 9204 97897 21771 52877 96743 41459 92775 8224 78598 42356
24 18
51615 264 79114 1864 38835 47774 44558 88984 68370 67938 29104 46741 33209 37301 62132 480 77741 46348
5390 18
1629 91957 41659 46059 96555 76674 98409 37734 9937 80485 5053 65140 61675 83944 32506 75021 41223 41258
2701 18
58852 20053 46258 96024 99187 12255 71792 11694 86873 14226 99502 26007 94087 30546 18748 53122 86529 54900
2426 12
46011 29891 79815 47956 20121 83455 32695 26876 57164 41980 51424 36818
9239 16
78515 97260 73807 24764 6754 65093 12123 75646 55016 34855 86429 6812 93009 52478 56230 25718
6924 20
71058 52515 321 21608 74778 914 26289 11872 72342 79063 63846 85194 99091 17326 72444 35243 79444 74130 28224 437
9153 13
89006 81046 18060 30877 22242 34572 12224 2358 33731 16077 90720 15634 91461
1139 10
20382 63126 46215 51672 1884 41635 24234 59678 80578 19263
2708 16
82422 64931 96552 14008 96343 58419 73774 34517 28024 74184 39506 42940 56282 83932 37677 75651
7737 14
32276 83212 14995 95552 91654 90138 76706 46327 17918 77702 12538 99172 73796 13038
1009 13
27399 59609 9205 34559 765 90991 64644 80790 61557 34117 80321 63769 84566
5896 10
50877 1633 25352 6549 53833 25822 96973 5847 91507 88504
4355 17
55999 62148 73320 57430 45052 87950 1478 7753 56024 50139 81916 51294 98644 28851 13807 47254 60822
6109 8
19931 71786 93430 25854 12003 61318 39924 89884
6105 12
20379 90529 47926 78601 82513 52177 49126 96217 12500 24102 14567 8071
5071 10
51389 75509 47477 91748 30089 39884 24103 30677 11620 49585
5153 14
69060 46590 24774 91156 68758 95828 99878 32079 74603 88837 87545 33519 24750 14312
5586 14
85092 70780 21117 76705 98927 13498 10871 45600 58604 57945 50438 71101 76418 74123
4393 15
77553 23274 45930 83247 45703 7129 95520 61800 34591 90953 56902 96102 1359 92230 28106
2115 19
57393 56546 631 52372 56731 70698 30329 67550 40196 44940 50089 82299 3811 72783 62652 36470 54155 99988 28285
794 9
74291 19230 26937 19564 94453 19740 14396 9991 64596
3548 11
40089 7620 43615 85798 98495 18494 15037 49240 69461 72581 62046
8439 16
20517 72333 98448 38819 89064 89235 73515 55416 66176 97423 53021 44920 33488 56445 38038 62791
8893 10
66601 1543 83218 53488 38000 90842 49793 40824 94973 3751
79 11
40712 20294 15601 95827 81522 68010 9743 3069 34003 17409 92238
5337 15
35646 73977 64465 76649 64741 78638 44852 25542 89207 91595 62762 39789 85424 83241 24497
3050 10
7507 17096 89911 80440 31709 57053 50044 77035 14042 20139
5100 15
70299 3203 75251 90513 32501 81289 3095 8513 96189 63229 57302 46790 65914 736 88881
5832 16
30491 11230 29541 89442 55845 94280 81362 47628 35128 88401 96715 71492 41880 34345 26420 10779
9934 13
40644 26078 85896 76048 33290 31611 48939 61475 13865 42785 12599 50954 74498
4262 13
99093 37079 20219 11500 91301 66192 9998 16923 19258 2649 37766 95687 41660
2008 16
70573 33010 90911 19367 48887 10136 33741 59087 71858 40079 30402 49431 14715 23002 2047 36114
6940 15
69993 27468 24199 57710 73925 39870 85883 42102 79244 9446 6553 26739 58983 39164 60078
8511 11
8605 39101 77325 82762 84476 71326 61235 42817 76425 13005 25745
9200 15
40998 49335 23736 5786 75076 72874 94798 90870 81025 59635 15517 8628 13319 23611 21877
5532 14
77124 9624 75618 36759 45150 76154 20449 84803 81458 4594 70554 56444 8841 99553
1878 12
28574 48646 44655 84076 11468 55740 18070 98695 95668 54475 39007 33312
8016 9
54978 44300 24510 52708 60319 6215 6537 19324 3835
4445 15
43752 62825 56712 43633 86879 60268 59127 73055 42766 32619 96486 73735 63365 88140 14088
7830 13
66809 64497 77190 43505 41142 83384 7133 85147 52375 21907 51238 89960 34488
1431 15
9867 22562 94101 6437 79633 94079 34911 50723 21459 99262 54743 92474 40323 40976 14684
5718 14
93061 53266 68563 39330 27344 60018 25210 52377 39284 81412 93423 33169 71653 31360
7219 16
30095 80035 10232 61498 65577 8046 79025 99905 6933 52610 56374 81402 95844 76261 46688 10771
4381 19
21975 38669 40460 18215 75947 3505 1852 46161 24950 38524 81256 47841 58217 4894 89736 1734 31979 50195 54841
6001 15
73661 15542 9506 95049 18285 2465 51208 16340 23407 79879 79986 93593 49955 68073 44179
2993 14
38841 20003 18629 38961 8948 41892 91384 1702 71165 94765 12777 73177 87763 56009
9462 10
68769 56908 45433 89891 59697 79665 28848 72503 15540 60482
5281 13
85487 29553 10224 60825 86086 53940 33046 92374 22276 14677 30916 5775 3255
61 10
83635 30734 22628 26630 270 91850 91434 4280 81777 99911
9315 10
13578 57019 96890 45363 66798 2485 915 6 85557 32713
2137 17
70379 37854 56949 64790 14704 44632 36726 75376 26245 46404 93795 56775 24477 75016 88626 23019 70737
6340 10
8151 60207 13455 46063 94994 83042 4957 9906 35977 56010
8707 16
28732 77342 97505 76796 85562 91412 70105 49177 8992 89254 4942 67471 16277 10087 8323 97643
5138 15
60787 52796 57020 8507 8238 79360 56052 2221 10533 39655 91315 58099 50843 20745 48386
9960 10
54985 19578 87648 72481 10159 62212 81485 72726 6102 51956
1588 15
51817 62772 12455 73895 6186 64328 38411 98187 13277 48737 96807 24869 28684 31691 59422
9553 17
86467 60561 22616 44997 10375 42722 21529 87340 73449 95899 66104 22578 84565 78814 64309 81772 323
4251 7
46481 95377 15036 80598 7613 41937 60970
5961 9
63531 90312 96351 96935 28828 61363 94338 7684 10454
2752 14
30093 42004 60704 22563 17569 1151 72096 48863 9004 17011 7666 14001 35519 87812
1488 12
24347 5672 94462 22695 39288 94939 1762 80258 32887 97224 14619 37975
6859 12
96771 8746 62573 36388 85409 63595 61742 55716 64498 58121 22568 59782
5966 14
49097 54755 19845 83074 13419 31161 84774 24337 37855 87237 52220 27856 71086 32717
596 14
92762 4486 72410 5803 19381 29978 93847 46476 34563 21094 78750 45189 73424 62933
2984 13
59464 71432 911 20223 99933 15268 77802 37544 17016 98914 36968 63935 1455
1873 11
92516 81407 29783 83314 14302 21409 34416 83188 75354 89584 87217
1578 9
43432 29825 12411 10664 3606 56337 52312 96100 46204
242 16
20744 36153 189 19002 23468 395 70018 45438 43269 89742 10942 17280 86949 78106 10820 98978
1923 7
26537 71859 23612 58861 9757 40123 99277
2047 16
31450 16869 65400 85450 75276 7932 37522 5708 956 80520 75223 44463 19298 94556 29083 10296
2089 10
54279 70459 50096 89998 80168 90061 35134 65452 41311 57289
832 17
86392 98497 29746 76482 42719 3870 4567 54441 4118 53142 17213 12923 1489 44419 85275 75680 29059
5888 12
99563 94808 27297 98551 60794 82769 37781 79012 86405 363 70538 9853
2837 9
35309 91512 94003 93926 70238 43769 57761 99704 42141
1768 13
80081 7703 54161 29087 53721 46722 75361 89853 87514 73354 2559 79401 5326
7501 11
93725 10795 45109 32939 51808 45035 18882 40825 80333 38087 68722
407 11
71500 89988 97045 24876 75547 63462 6225 18420 586 67822 80675
7117 18
19753 14757 68273 16977 27859 30484 40240 18026 12266 79811 23923 11895 71430 86886 53480 81135 54501 91000
7159 13
78410 34573 84649 1623 72887 39578 7829 53138 79578 18427 99647 66644 84160
9070 19
1833 95623 26864 50741 79699 34749 28391 18933 48849 41616 95459 18941 78692 78830 22344 46400 78622 12507 12301
3662 15
65713 50043 18432 48127 41705 40615 93579 12482 21703 35283 23001 47668 17295 20780 71904
4900 15
22179 86116 73689 31060 84342 39725 62800 58292 67258 97207 56998 79457 35847 91273 30337
5056 14
34934 4372 95812 53017 72276 33607 99547 30298 96227 9351 91035 57965 74787 55288
6386 10
11094 19711 2109 49757 67054 59511 71764 17594 22813 9874
4556 15
32157 40510 57800 36222 43049 15115 45034 972 64985 74165 54089 33926 76785 91644 64604
9633 13
93360 30444 18561 80346 92225 34777 56849 61279 3389 85855 90869 32380 65790
5239 15
96215 98401 60165 84253 40472 60645 77807 77922 77815 48604 85295 32705 84030 84346 99630
2899 16
23790 22960 76929 66185 97510 7636 89161 28443 73507 33647 78020 37429 43619 44661 2976 68108
335 12
47002 51965 37895 80480 93125 67888 94501 37203 76675 29236 14122 96982
1368 13
3584 97240 36861 36841 95240 85216 39762 69989 64726 21743 14971 1595 64162
1640 16
80930 18860 91380 10173 17916 7256 57479 21242 61934 82408 230 5558 45617 97768 46517 28535
9767 15
72338 84385 95529 20734 51380 18458 87893 27427 20073 49839 25318 87193 49889 63897 65146
4645 12
23371 14428 95329 63969 87740 35526 98861 8274 43472 4785 81895 29448
4614 11
59414 38614 92694 6797 80231 11040 96201 44479 89416 32798 76366
