24
1398 95
28635 34375 14751 45997 18280 9623 34355 37384 28740 7628 21785 37605 9656 18231 33363 1605 19168 3245 2506 24544 18602 40709 47499 46088 12969 24973 7571 28874 13870 5517 26604 39390 35689 29892 37506 24641 18236 18385 47237 27051 7612 46519 8990 24 24553 46017 18056 47749 18212 18250 46679 28904 3157 45973 4718 8086 20523 33369 3257 16728 41875 16516 1611 28900 47483 1625 60357 41478 29146 4031 40697 13008 24537 33353 18184 8846 15521 46234 41625 1645 47900 46947 5099 13127 9057 7361 4853 48006 7572 37191 8803 26332 6491 15855 33996
1816 61
27535 14974 41708 28428 11851 36611 36736 10980 14200 35751 27670 28297 11334 41765 46416 5128 4982 41742 28005 4403 46461 40572 10969 46289 55601 10911 29109 41812 27783 28303 18044 10998 13222 27772 41781 14478 42083 15466 22994 1713 5345 27507 28484 11053 10968 11142 38063 11032 37476 28207 11305 10934 28363 11511 27509 11376 41902 27658 15912 27496 4885
1245 99
16700 28781 33107 28004 33532 30839 39029 17083 42468 21811 27690 439 29076 21832 31161 21810 11402 7383 16974 2921 17114 9663 27135 6658 2260 847 21828 21244 27426 1150 22077 625 43898 31180 17603 9870 21691 21912 31169 13892 11285 43201 1011 41390 13736 32540 7386 2411 14193 13584 28548 38493 21514 22063 21351 7471 94968 29586 7246 2563 33776 14949 5060 47405 12523 7279 21124 36148 1042 45244 37600 11999 28149 7174 17672 459 34135 6276 15116 28760 22377 21337 36778 7236 867 45603 376 12197 37372 28601 45527 36351 43041 38250 11496 424 17452 29107 510
1122 78
12370 39675 9168 15556 37933 1349 41597 25534 12348 47612 45995 9834 45322 1163 19408 32879 1558 41757 35629 11222 9453 47656 11875 32287 25485 35006 16768 47628 13118 1232 24912 12283 12282 24346 11616 9672 35534 16263 11479 46675 1272 45293 13944 34847 24189 38187 9480 11108 12156 24166 9501 16318 17902 39207 37861 11374 32060 24449 12288 25490 16271 41143 10845 12236 16596 16343 36053 24235 11858 47509 37775 11961 9607 91105 16855 24164 5577 28249
1170 66
22247 12521 28590 19180 27451 19428 27475 42557 15478 42608 27745 36972 20285 21857 29257 18230 40840 12330 46420 27672 90292 29948 12238 27414 38634 28596 18037 29247 35328 18075 42652 36772 27591 18461 36513 24045 47355 21258 13641 43694 12688 36964 28821 16391 45346 17252 12701 28898 28579 36146 28261 42179 18050 42264 12771 14523 19088 22023 27945 22501 36897 27570 12220 13032 29212 42279
1828 77
31355 42298 46979 24942 38374 38226 32406 42553 31393 43493 44137 27901 43660 29705 94998 47441 37927 36620 32889 36198 37465 32806 42014 43761 37665 27824 36486 25065 32420 32337 47982 38215 42683 42394 27968 37566 38075 28240 44629 32445 42492 24199 31456 37978 24982 28314 38747 42546 42159 32336 27918 32398 28235 38805 32396 33637 31210 43623 47071 36506 28209 32685 28404 38532 43628 45505 25976 43855 37415 29227 42677 31414 38257 32953 31380 46642 27919
1247 78
16502 18817 36223 35237 18017 14947 19015 35181 18288 34646 46631 43971 35561 31880 46781 19137 33422 46389 18761 19030 35706 13672 18434 19080 18380 36062 47058 32257 17624 37835 41726 22704 46603 39471 18836 36519 40780 30688 41811 14201 19200 40304 16326 18330 19684 13674 13805 30475 18897 19032 36653 42527 31632 18823 18892 17439 15298 67166 18659 46693 43924 16312 17869 16537 34540 16168 33565 44759 16881 12482 34185 18111 31586 43897 34455 17723 18392 17016
784 77
16038 575 43751 18756 30920 304 16798 43218 44390 25646 44057 31630 30958 14219 16845 31776 15951 44660 315 15842 14824 29097 32104 14247 42935 305 25663 25637 43993 3340 27122 32542 30384 43031 297 25991 31698 18648 42978 43714 31173 22594 44879 30063 19956 33934 18838 14860 16767 46485 18996 44557 43992 18723 42963 25709 14598 31711 15936 18900 2659 42883 44982 44840 25740 18971 31605 28776 71644 43140 19222 718 43047 19249 18619 28343 28716
297 86
27172 39185 38730 44630 19597 19199 19977 26899 19590 6469 24349 9206 43988 8192 31702 46747 39252 25335 20876 19563 29011 29311 20021 20222 20610 31858 19986 8272 7849 28862 19418 31025 19974 31124 36731 42075 39134 6139 8666 43379 32103 6159 45256 20165 80421 19994 20531 8601 31129 39276 37134 47417 21173 26322 6051 27289 39105 20450 9237 42140 19999 41441 20526 6269 7596 45907 7867 19668 43530 20672 42126 8318 6115 45895 6390 34281 26367 7861 6344 6345 20048 25269 26531 45342 7893 20345
136 94
26572 32527 30416 28226 28043 28237 25370 29568 30963 24679 29330 27827 26883 25340 93427 29527 27835 29530 29581 29422 28133 28012 33697 29574 28188 24126 25474 24702 28485 25919 29553 29378 29373 28472 34767 28050 28107 24681 28156 28179 29426 29354 29469 29550 29488 29497 28441 25386 24678 28219 28463 29343 28556 25567 29570 28163 25851 29397 29540 29489 28427 28276 29482 26360 28131 29352 28109 28082 28027 25358 28419 25901 29339 27143 29454 25861 37935 29604 27397 28129 27871 28549 28246 29565 29585 28044 29329 24455 33006 29701 25951 28225 29383 29443
1707 51
26182 21777 30558 22353 20882 21133 30093 44925 21176 22986 23202 21472 32914 26692 19086 33265 21831 32213 20542 35149 30832 21817 31815 18407 20381 34465 20559 32288 21115 27589 18816 21063 34587 20636 18532 20351 22839 26915 20250 23178 24001 33491 94924 21895 22683 26206 28629 33982 26209 21744 7467
206 93
4938 0 8801 24170 36171 26923 24171 2265 24179 10111 40785 39499 26968 25368 12815 7967 24173 3002 24192 12818 6132 36262 2272 41353 94783 12784 24376 46148 20176 24165 13504 4776 27200 12856 10603 16833 24214 7451 37237 24203 5851 24421 7476 41671 12906 35559 9007 40984 39809 39490 7430 13424 26522 24201 10460 26356 13158 26364 13382 40442 36451 38953 13402 10540 12939 26842 36377 1552 41232 37063 24611 24438 39543 13374 26986 27028 39606 10637 26622 10636 26791 24393 36193 11045 10678 24168 13451 12925 10724 26532 2291 14100 26320
885 96
3117 35208 11713 35625 45693 16218 3236 8162 4986 33712 41082 46517 29679 19104 35133 41214 40864 4252 46065 40610 39812 9100 35288 39949 35222 24501 39466 17909 40692 3058 4892 47821 39940 40655 18405 32900 7287 15396 41889 31243 5380 3061 24934 14962 16305 45894 29141 31513 40931 30272 13553 40715 11944 4805 10475 29219 13542 15126 40890 21914 41192 15007 33459 29554 19649 46242 83732 41167 7727 3066 45495 29165 19567 41202 33267 22052 41188 41230 15902 24995 41264 14232 23282 3011 15757 40877 34325 40219 3175 9508 11312 25098 41059 18818 31267 30863
798 84
7414 38021 6112 44195 4057 2125 5292 13 38175 3 36217 39041 42970 36444 42501 5311 43637 6645 6012 36524 243 43858 56 6607 44579 43188 42585 4985 43757 213 2681 3998 44038 42893 5499 43820 681 6437 6486 37945 8338 17828 60 45950 38211 6459 4964 200 44230 207 38177 5126 1664 36161 2169 43124 36557 42143 2886 1279 9249 429 38195 42533 5755 4446 38656 522 2773 5674 43074 38164 36887 39012 42496 42914 4138 44315 42884 43700 219 38710 1887 93264
534 44
28242 38585 38502 38399 24605 40300 40246 31588 30836 40255 60550 37114 35920 40479 26625 29662 32092 40272 28607 39172 26596 36345 37026 36485 39154 37951 38595 24396 40257 38720 40277 37953 32013 39437 27227 39548 26788 43663 28860 39770 26677 37028 39193 29455
1978 85
7003 18513 1881 1662 6236 19344 7059 4101 7567 1288 9171 5029 1970 9121 19242 3955 1381 758 8554 9242 9967 7699 6231 60417 7527 19229 10167 9114 1536 821 7597 10117 9603 3820 4561 1377 19459 811 4001 18921 9474 7051 1442 5897 10384 4461 21056 812 6300 6018 18569 4572 10183 895 18638 6992 1142 8089 19120 757 19093 11774 19273 6055 1583 11572 9595 4238 6925 9542 4250 9980 5807 9132 4380 775 5833 956 6467 4056 46811 18433 9035 19473 9552
1925 72
15700 12650 46922 39997 39960 42254 46956 7382 3906 40495 21714 45604 36679 47924 5813 45704 36780 47598 2241 42971 46955 39970 5350 6587 47814 42349 38522 21455 46987 7441 2070 3656 45830 36914 12868 83869 36776 46669 47249 44370 7603 40095 21631 2088 36226 6377 10538 44669 12457 21815 41642 45634 36761 21483 43509 23675 41413 607 46686 1705 15581 21644 7301 13837 12696 21647 43544 15720 21538 41652 11158 21440
601 87
27372 2865 47052 31044 5616 19167 27345 26355 27380 38291 10855 10614 21085 36145 35837 6779 45542 31002 30231 30264 3107 18763 18540 5736 34635 48110 30360 6679 19484 41806 11907 29079 6266 30647 10975 18958 31119 6389 7022 39825 47360 40217 25387 35581 703 25430 34779 10195 31065 2551 21275 39773 27924 30912 36235 21713 18575 36717 3384 36173 9961 23687 31705 21688 23642 23665 47029 20112 8788 1157 36100 36322 10033 35814 74089 21669 35510 18577 23645 39817 37317 46084 27307 382 18424 5417 23670
740 92
13686 15240 16979 16052 16944 15164 13210 13668 16813 12552 16838 18482 12621 19389 13371 15351 21190 13520 13065 14167 16428 12614 15929 13119 16446 13380 14296 15229 15980 14576 13696 15102 17151 14968 15272 13067 15360 12657 17242 14174 16633 12644 14260 22936 48871 13650 19277 15083 13548 12449 21956 12421 14526 16687 13073 14156 16735 17160 22284 15079 14861 21134 15201 37723 14185 17904 14264 19735 14712 15305 12138 15582 16436 16456 13397 17027 12611 21492 15325 16937 12409 13742 16421 21168 13368 16322 15989 15266 12088 13178 15088 12411
1714 82
34797 33161 28610 35638 42213 29301 35294 43631 6348 39190 3962 4383 28766 33149 42687 20607 24805 6186 19959 39580 33176 25075 28583 10810 42820 43245 26509 24814 28628 39151 24876 29751 33133 34810 45781 7336 33113 35971 12962 45501 39718 24840 39683 45374 37979 4368 29657 47522 38048 7421 42885 37294 35724 19049 33804 39179 37397 38206 33135 39192 36049 33695 42833 28651 45740 28603 33676 24500 78754 7252 35230 24878 23322 33105 33463 39392 39527 40150 24800 28882 43709 28615
1923 45
6830 12140 21343 6795 32736 1454 24090 25074 31040 20912 14128 19588 6671 28992 22404 28017 26624 22921 12835 26617 16085 29481 6373 26558 2123 28216 27902 19798 15208 8308 29393 29816 6773 47618 12756 20233 1299 22748 28337 24163 31089 27256 29548 7311 6306
1572 74
6414 26019 1600 17791 4556 5709 2728 1588 18681 5951 18612 93 6533 6298 6475 17994 6040 9310 193 78 19608 18622 3495 14914 17636 6308 19653 7944 20158 943 12671 6470 17705 17087 739 6468 20037 467 782 5749 14889 10047 18747 6417 3923 14880 13211 6121 13255 5725 5540 2144 20869 5796 19581 11180 13704 13396 15034 17719 12623 2632 18689 6397 18016 12068 20646 18518 10211 2162 17716 77648 6358 17578
12 39
29375 7670 33053 5245 26398 26228 12110 11248 24424 13929 8424 26382 8710 7794 15499 11302 25776 4197 29263 26566 53125 13541 9510 19676 18284 27130 25882 28153 12624 18139 26463 897 25407 25846 19193 28123 25662 26772 2690
1025 64
33141 24084 30986 19965 24570 20503 27394 428 30718 20496 558 24439 24535 29587 33088 698 16320 25138 23796 24215 17615 7438 7677 8281 29852 23717 22716 4327 27711 39819 24546 19816 30835 28712 24802 7288 6909 1053 13536 30644 25458 20201 28117 22676 523 28623 24624 24941 30834 33481 27074 8439 31024 8518 9044 3960 28912 32715 29592 27134 3782 18470 24167 16785
