14
1771 99
18164 9210 41737 6301 39628 14817 7238 38753 21627 18258 59798 9125 39605 18168 6020 9536 22140 38883 8063 9520 38194 12082 40200 12148 37066 17035 15010 8000 42049 6213 21223 6265 37485 38758 38105 18890 41646 39524 9496 38771 12062 21564 36968 12044 39221 39062 41751 9516 38889 18229 37440 39151 12033 41323 9500 9180 9473 13881 37471 7908 9323 21297 8537 41380 8039 8011 9693 12076 37562 8065 46942 11530 38914 18431 12035 8052 18404 21066 38755 39353 42027 39753 8056 9213 8064 21656 7991 13876 10026 23644 18196 12269 39527 22483 18200 37565 38781 36996 36851
505 96
20670 1184 1031 25923 845 1207 991 996 22642 26835 779 24506 25547 27827 1370 31873 46926 20795 30404 31738 14257 30390 33677 31606 26384 12472 27748 20888 35673 1413 35767 28930 1061 27788 21946 17608 28767 15111 1013 1363 22688 1128 829 22680 1131 22660 1482 8533 29444 22820 21129 24536 16835 27416 27965 973 29708 12085 29664 28859 20786 2990 1431 1379 29877 24657 812 22602 17397 31632 27933 30229 34996 14982 21009 22937 32936 31376 14719 33785 23063 941 33534 14707 28787 990 28404 33567 16371 26085 30753 35409 993 768 26275 24592
1187 98
28811 40678 32786 44833 43846 27148 41359 44561 41349 28676 33796 44852 34005 40746 43384 41339 30656 40758 41193 41214 44896 28136 43643 29610 34059 44599 27769 25877 30024 41644 41175 35466 29119 40691 28260 44757 32818 30243 29930 44888 44914 34618 43884 30939 23782 41100 43760 43825 41351 44664 44596 24681 6924 29094 41135 29901 7092 40903 44880 40670 44843 41097 40665 33782 40866 43976 40961 45080 29986 27401 44970 34094 44731 92084 43640 44674 30874 40907 41317 44878 36027 43647 40940 41153 32013 45021 33072 33186 45507 44741 33896 34260 40712 7236 44943 43845 32855 29161
1874 97
12893 24373 32209 21255 32232 27403 21300 34082 22998 29430 7640 31709 11173 11295 27075 25589 26330 34474 18784 30996 34404 33861 3376 11155 21359 6372 8943 2525 31934 31476 47 4092 31924 32148 28159 32799 19238 3341 31758 13228 20213 26088 394 8204 3357 19652 29230 26502 24960 29704 15138 31261 13777 32290 13485 12758 24095 1880 4150 31926 27040 135 12631 30235 12046 31883 11464 22898 34480 68 11029 4279 26990 2113 29359 1372 12836 12184 31309 28858 31881 12408 27942 2419 22343 32160 30861 25693 27871 13348 23715 31469 92705 611 32223 374 31026
1811 100
9282 34929 14316 13652 2400 15598 15739 13820 2455 1696 11882 14292 14293 9781 18829 16887 9352 2208 14320 2428 16214 9990 30056 16544 9398 15469 15618 13605 15416 9311 10269 12559 15585 10404 10082 15716 10152 16175 15455 9103 9028 10176 12221 9378 9372 1923 1745 2354 10155 17139 13279 2738 9316 1722 2209 9128 1557 65310 2411 16238 13805 16268 2065 9876 1844 2141 16187 2423 15463 14299 14323 44899 16987 9360 13795 9779 16638 15648 9181 13702 17625 14807 1720 9219 9353 1943 15709 2548 14467 16168 14854 2513 1698 16469 14433 17108 2530 2438 2413 15625
1430 95
46991 42062 46814 27399 38807 21953 70811 35769 7520 4689 16127 40409 46968 37416 41571 1241 28100 37076 39571 37337 39122 6036 43616 27140 33189 32269 26624 36258 31260 15376 14424 46946 34863 17648 13854 36539 27384 15117 40145 36135 37002 40302 35723 32369 46869 44538 30883 25719 32774 27444 33236 26984 35442 8173 34130 30075 7466 34413 42610 43107 27680 33599 46966 25851 30805 548 7781 31680 30923 31913 46738 41872 24320 27147 44485 44616 45116 27383 31472 33288 16277 34266 30597 29604 29450 36199 41764 30795 30921 43752 47990 25263 30810 35443 24375
344 97
8772 12289 17500 51 14790 17870 14667 7382 17928 8091 12981 356 13069 660 12831 15238 44871 4193 1743 8804 267 17914 8836 12508 2921 17499 14906 81 6458 17926 6592 8 17531 15933 12779 6536 14766 17560 14805 915 94057 17882 16833 13116 7484 12386 14349 12461 6544 15620 2631 8008 13039 6868 14819 15334 18023 14705 8748 12974 2142 1770 17935 2003 580 14664 14793 14570 6328 17464 6124 15479 2894 13209 7530 2425 6423 12413 459 17886 10387 2277 12861 17875 2726 6331 399 8858 15172 8671 2828 8920 751 14354 12803 12435 14496
1623 99
18871 30411 35563 24397 32671 18924 38374 41169 3224 19055 10445 36828 20315 40844 36809 19037 7576 36567 30706 37130 18990 39135 5410 9041 37012 19500 36808 26397 32961 18885 40827 39820 9539 40939 20585 36480 30273 26768 32948 8044 26605 41207 6261 24135 7476 43685 10492 10503 19044 90291 15821 9555 19129 37566 40799 32618 25386 6654 7195 37511 30245 9501 20973 9513 9457 40079 26908 41654 4184 10522 30657 30745 20987 10487 24947 18887 7759 40144 9152 25283 10494 36662 19173 11697 19795 6927 9066 20163 10486 40802 26551 36548 19088 18671 36811 6461 6732 27542 36707
187 97
33382 1744 13912 28345 13243 17158 7159 24134 40640 33157 14136 15164 7002 18471 2240 6189 40657 34186 6068 46360 6067 6029 37590 18062 6017 12579 33330 23935 38927 44512 41244 6295 21518 79480 13991 45531 1756 34145 33458 35479 21528 2062 35929 12622 1988 18286 35770 43730 7243 21432 19855 41645 25810 13588 25571 2470 47597 46583 1551 16802 35539 18587 2057 28348 36019 34270 12844 25702 27842 35724 1599 24585 21599 21475 25796 15642 16830 1707 35390 24359 41307 1572 17533 6621 29017 1717 34314 24299 45358 36615 4330 28574 24646 13739 1797 45308 37796
561 96
30482 928 4492 37938 46280 1036 31678 4183 21360 43789 33646 20111 3083 45948 25705 25625 30276 37275 61597 20026 25912 18665 31949 25099 4236 36899 1051 43542 360 37431 37097 18540 1386 20495 998 40196 25879 46215 42452 20063 3159 1041 30213 30666 22607 30086 26046 30192 717 23220 22704 44420 33238 74 32468 37523 289 20502 21105 25898 22731 569 18458 22173 36890 22563 21048 36978 21212 4563 1647 682 31150 18659 25510 31646 29624 37448 32766 21727 18707 32604 18680 38653 20246 20579 775 1121 32992 32868 168 4646 22691 22591 23597 22828
890 100
32835 1139 15724 44379 33304 38123 45625 38167 33687 10277 10714 15087 32896 8017 6374 7385 17181 2493 39748 11306 8293 4519 38825 32805 47589 37992 47476 16572 11160 7173 23717 8907 33427 14549 46653 16336 2440 145 17445 40185 36352 28474 16470 37862 38124 396 30507 47141 29534 15322 19243 46479 37079 6424 38211 38179 32937 517 38104 1096 27365 38177 32522 21302 36775 28550 7164 22029 45782 9359 34173 32414 10971 46090 39487 18692 16836 33856 63892 20868 6580 36143 15781 33649 16575 37959 37842 43584 16081 30005 33886 2268 38093 10274 16517 31380 47707 14652 59 11819
857 91
32853 37601 5106 21576 32743 18523 27926 20960 9366 19177 37901 18291 10434 10303 28319 30636 39909 8279 18412 19002 40357 37020 40704 19968 40982 46818 32826 8307 32316 8485 32627 22304 19941 8554 4234 8375 9027 44750 28303 8461 22125 8758 42637 30445 38106 42791 20305 35903 19932 33044 29175 89572 21759 19062 37469 831 4089 31514 30234 20583 28042 46264 36357 20460 2771 41530 38188 40242 30058 18655 32336 23618 10389 28912 9040 19548 28212 21793 42735 39906 8630 45954 30224 18753 40014 29950 9508 10363 203 9054 48010
1121 76
38318 69671 25506 25849 30986 34726 28614 30087 42019 29967 33283 38100 25764 9896 25328 35931 48059 25293 42350 30102 29379 47452 39041 28017 26236 35601 47977 31716 28653 3016 28568 34101 36396 27138 34604 25484 31364 26316 35523 30325 32274 31833 25924 36541 25987 26027 41623 33235 30807 27385 3020 36156 41480 36460 27961 26426 44877 38443 25513 35921 34062 37654 25758 29789 36392 33657 29880 8570 34783 44177 31020 34102 31212 36148 28652 31427
18 100
5369 5058 5358 5000 5323 5781 4684 4112 5709 3821 4931 12003 3991 5359 3962 3904 50320 5845 4835 1037 3292 4612 4756 5013 5497 5023 5397 5311 4929 5752 4671 4058 4892 5706 4755 4614 5059 2848 3778 3532 5016 4066 3983 5826 5908 4841 3349 4893 3948 5560 5794 3766 4636 450 5653 4094 3938 4121 5590 2087 5197 5591 3935 3250 4791 5720 4096 5457 25253 14359 3294 2014 5010 3951 3958 4620 5974 4866 1741 4694 956 4054 4056 4808 3843 4935 1702 4640 5692 4085 3243 4945 4002 3769 5875 4099 5878 3856 5784 5347
