25
97 85
36830 34450 17203 13540 15213 14822 14160 14163 14326 15097 37508 38803 38244 33605 31599 33041 36354 31606 14342 35067 32582 16409 13988 17949 15356 14047 38096 14275 15163 32388 17279 37885 17982 17924 23174 37255 17837 16559 31753 15347 14281 33873 32373 17856 14846 33647 15247 38212 41946 33569 14114 14809 37083 16669 15161 33596 14833 33564 17862 36246 32336 16347 15839 33590 38072 14274 15794 17672 36685 14818 32519 33565 32440 32346 31615 14390 15355 33470 13763 13632 31634 31586 81069 13621 38614
1639 49
16700 1600 16583 15006 2446 2822 1811 1588 1932 13245 2263 1533 12872 15599 14152 2395 16739 15647 2857 93439 13307 16595 1517 8964 14195 2762 20733 2807 16873 12971 15181 16738 15644 2563 15672 18149 2634 33981 13447 19130 17750 2361 1702 14748 13486 2467 3952 2858 2223
753 41
33082 32003 32614 18317 3587 3565 32879 18531 32222 10629 7504 32093 46142 32780 3664 32485 21968 18439 19176 5105 31976 31919 10665 31931 32740 31900 18664 34786 19472 11814 19324 31918 19982 3325 11192 77526 6820 18235 18424 18204 18099
54 97
12152 16032 39241 30579 45144 38652 3141 31043 13610 2240 12759 10915 12082 2630 33189 47263 12860 46497 41010 27811 2838 28260 12358 14241 23138 46391 17202 40451 16477 17183 47189 28693 14171 33357 17056 4282 16405 17999 8016 25011 27666 8514 37746 27664 30098 29456 25815 25850 33375 13726 46457 39092 2308 12526 26056 7919 25738 35900 12506 16339 37979 12793 38544 30251 91764 16046 47532 38711 16830 45839 25256 45346 46447 31941 16142 27227 28746 15171 3383 2773 16074 13188 39430 34813 16732 15983 8652 8545 3581 45875 30224 46113 14248 24699 46089 7213 5941
1851 79
26223 4337 26886 33846 26746 1845 34982 34651 26889 34150 26861 9273 35153 8323 9318 40724 595 34630 188 26793 26181 34122 3159 9621 2787 26865 26771 593 35210 639 34457 26924 2168 28936 9788 6540 26898 4121 26288 194 9688 55383 9527 26240 34382 26257 7596 26884 7756 2975 1498 20916 3091 5523 26928 9204 26892 26255 34164 26206 9543 9132 596 26745 253 8154 26894 26210 26209 3458 2102 9230 6816 3777 678 35017 26217 26262 2802
1871 96
10265 4141 10727 298 17402 2475 34850 33654 4107 2721 39249 9206 32386 17272 16709 39638 22527 10725 10495 58811 35024 21287 35790 16679 3957 20495 42441 20548 17852 11616 33256 32900 10708 9274 17818 4204 1223 34886 18236 17983 44287 17491 17042 20593 43668 34844 9695 36989 16986 19505 42610 1284 35544 42197 960 3666 4488 18028 44839 43523 18467 16567 9908 3678 1275 1255 1808 17889 9979 4952 2638 19273 16711 18706 19425 18030 17434 10706 34794 9043 33340 20978 17639 16646 16697 1004 35574 2082 16128 32162 17918 23311 9265 19461 17404 71
643 70
26229 26019 31202 12063 11120 7208 21434 11043 11957 7567 37133 11783 11295 38145 7383 34010 12403 7738 41212 38740 40568 8048 6674 29666 8258 38705 10995 22657 7673 38236 40815 6366 11186 12262 18951 37819 38265 6957 8559 41877 10747 7537 20505 8330 26787 11867 37702 9519 7822 37631 11941 38523 6303 18477 26040 12307 12179 12363 37600 9972 6276 87810 25948 10881 6829 11966 47031 36068 8933 34524
341 82
32835 31461 27576 28325 31480 26514 31270 28068 31561 30839 30232 28464 30221 28436 24786 31478 33056 27993 26140 32728 28398 32919 25259 24508 25671 28272 27669 31262 27552 31258 31458 26696 25145 31163 32574 30785 26799 25714 32754 32372 32618 87252 30594 27564 27544 27843 25728 32500 30834 32674 32741 28484 32399 30752 27898 25253 32672 31067 25207 30354 30569 27028 31466 25264 31033 26930 32529 33048 28059 33040 26023 32525 32668 27753 31471 30561 32767 29807 28320 27976 25263 32953
264 60
36391 41395 24609 27148 45155 41600 33274 41992 33377 41479 42848 27836 41759 43592 31927 32127 41830 44800 25006 38130 36836 27224 28132 29809 24807 25430 42842 41416 37990 43318 41365 33759 41441 43385 36946 33390 30268 43353 41807 38189 26413 29457 30983 38165 27853 35630 30842 29576 29197 39012 27943 35259 41906 25592 41364 31420 42881 25501 59927 34168
1372 67
46843 34831 34795 46950 46922 34687 24498 36278 37980 46846 25819 35091 38116 46835 46916 33327 35003 46924 45547 35347 46906 33916 25288 25056 36272 39231 37999 35006 37810 39435 33514 41107 25840 41994 34810 25831 36142 26357 25092 25833 35007 37224 34985 46851 25058 34988 40992 36248 24682 26187 33279 26005 47709 36241 25846 46958 24610 33673 24157 36193 54077 34814 38974 46854 25958 28439 26015
811 83
12227 40244 37497 8162 9081 47241 14483 12203 4407 12619 37036 9820 46909 37366 8353 20181 3449 8522 41646 46683 5554 3759 72 79371 8255 47720 11403 41028 3525 11421 125 8354 47018 20158 3343 46044 14811 9262 40326 38540 1412 297 42041 36940 45154 8432 20161 478 14395 45120 14363 14427 12270 11857 19211 14386 3092 9345 45786 14319 45190 38391 8331 47075 12231 16918 45130 522 37236 46295 40139 208 20756 14937 19447 8840 45595 46630 39516 47951 11033 8004 22627
1886 73
51174 40542 9642 4753 4352 24605 27465 14535 40050 39824 40140 24101 44737 10783 26507 27290 2428 1263 27169 44841 39174 24604 8669 9523 40479 28355 28485 42193 948 3820 1789 40553 39323 24230 24283 7374 24066 44093 25887 42453 24143 44391 2450 4278 30070 9657 6565 33753 24209 40440 39307 24210 10660 26721 9550 1224 24070 8862 42656 43089 24543 39129 8021 28363 40228 24065 41266 39365 4336 29210 43752 3837 4418
1231 76
37932 32151 33704 31497 42304 33730 18616 1111 14270 6241 20289 13764 22289 43207 42619 386 38007 35695 33176 9871 22987 6661 32168 22113 19889 14823 13724 14794 20257 72551 10325 36437 47575 12096 10232 32895 30691 12540 19277 12708 31552 13312 38493 22063 20533 33775 7517 19556 14783 13745 2300 19710 36864 14765 319 33856 47569 32315 30997 23268 18867 2247 33105 38829 2828 31144 11651 11128 19719 31414 33114 30964 2483 22464 22234 30961
1636 53
34941 16027 10476 35625 235 5173 6755 14293 31399 34636 12705 40138 37613 18716 30242 33571 41554 1013 19880 31082 33586 6805 39735 7764 31485 20633 41811 6521 30420 6654 13966 30158 35701 38588 11495 32729 22185 22073 4362 30358 14458 35699 1347 22626 33581 34968 30260 45669 3389 70091 34642 904 38103
492 60
17842 16438 39562 20882 39130 16171 38178 13085 36613 26724 6146 37190 22332 26600 38213 39239 44496 75 39137 40057 26740 38446 41925 39931 17161 22354 15695 26424 13963 8135 11992 22629 13695 37718 7875 21780 6698 38327 26862 41034 14834 34575 21304 41931 41512 26790 39229 41089 38246 18016 23458 14437 15428 41908 26614 72364 38250 39339 19345 36902
1946 86
4136 1812 62360 44698 12556 1269 25311 14767 21786 3 27512 5996 33890 364 33891 33195 21575 2191 34286 22445 136 21107 35756 36686 35088 42044 29079 13372 385 43757 23601 26293 38994 27296 24902 16084 22704 24875 38642 46119 33944 21283 42517 26913 3679 104 46205 33998 26271 3774 33995 46023 1467 45037 10341 25992 45408 23413 43195 150 1833 2040 37434 1280 46816 13335 23 45216 42817 44583 22373 39076 2157 142 46104 26235 1586 24059 12327 12827 168 45060 13066 5423 141 44101
1702 92
17073 12418 6762 6865 9856 17698 17863 3176 20685 10098 9402 20409 9442 7546 8543 26671 7477 6822 22837 14345 10055 57196 17378 3761 12440 6398 9535 9783 10011 13228 15492 4669 10200 6857 23505 19604 13029 19738 15350 18475 8906 5039 17961 15606 17242 8139 15371 4629 9791 8426 18071 15462 12226 20351 18340 14547 3509 8312 2403 6851 15265 22523 9414 3250 18197 17260 13940 7066 17717 20589 7530 4895 1246 12131 3108 22329 12126 9796 8937 9854 8397 8165 4916 8908 14351 9724 21005 12187 4142 9364 6491 12490
471 76
43950 13545 44628 14115 31584 13948 37276 17276 13694 17310 31963 17356 31880 47940 15520 34666 40545 47809 30540 31914 13749 15416 3288 37641 30316 44189 38915 39395 31585 706 21244 46606 39289 437 15439 44691 2063 888 37871 31624 10480 34689 31516 44022 11730 34857 14237 30148 17278 1841 15441 31852 37792 35066 9492 54957 15146 31614 2002 15264 31030 13658 14131 44667 16877 15425 14192 15342 17133 14150 14490 1515 37798 15710 10016 546
269 62
3266 48028 18576 7513 44744 39587 44158 44871 10887 19618 8736 13960 45246 39744 44397 44395 36256 46345 3812 12784 46532 45063 3244 3862 12423 41669 37716 36517 44795 46577 12884 45085 14924 44727 12233 7761 23732 21010 44831 70839 13872 4052 44657 43826 5174 45149 3861 39504 44700 47234 3729 36100 3642 38025 44736 14442 6562 3888 39494 3356 37796 39557
561 93
30482 928 4492 37938 46280 1036 31678 4183 21360 43789 33646 20111 3083 45948 25705 30276 25625 37275 61597 20026 25912 18665 31949 25099 4236 36899 1051 43542 360 37431 37097 18540 1386 998 40196 25879 35929 42452 46215 20063 1041 30213 30666 22607 30086 26046 30192 717 23220 44420 33238 74 32468 37523 289 20502 21105 25898 22731 569 22173 18458 36890 22563 21048 36978 21212 4563 1647 682 31150 18659 25510 31646 29624 37448 32766 21727 18707 32604 18680 38653 20246 20579 775 32992 1121 32868 4646 22691 22591 23597 22828
294 83
5896 28489 16641 2888 9935 2967 6818 41342 24819 28194 47591 19102 40189 7024 20587 24107 38274 38895 47571 30310 45405 38017 15512 7906 29306 9967 47638 47648 25689 15704 17174 19568 19395 31771 32007 2922 22649 8504 16662 13586 45399 13644 37612 38634 47050 10242 24176 30503 6136 18964 20695 23613 45554 2397 3634 24265 10120 47752 21458 25127 31819 25212 40682 14294 22278 17601 17516 45454 7289 10107 37673 76047 31459 39815 24067 37842 19627 30410 19203 2315 18850 30369 5325
1098 77
14717 41672 47519 12561 17545 17489 17621 47165 22998 41116 47970 6257 6533 14787 5811 33842 39316 72093 22845 16650 47064 13683 23222 10672 23831 38716 6439 17584 28171 3841 3776 47352 2389 27921 9009 7413 15869 29163 22999 24622 23308 1472 25496 47792 12655 6451 6747 41404 28115 23518 3818 28057 25477 7355 26687 13164 5796 25690 24304 12408 22963 24470 41574 13253 36506 3901 24500 47816 3810 4527 36756 37028 25151 6498 4747 12925 36479
722 61
29909 41247 19121 29248 41007 20774 26193 6374 20561 40470 1696 25638 6602 8418 41040 6096 41291 15928 40924 14025 14994 26088 46963 36644 29754 39834 41293 6033 27822 36466 18066 20127 20401 29247 18826 3399 29764 6199 11166 17782 8502 13096 41273 41312 4455 38851 40914 20827 4292 8613 31378 26457 4221 5477 5238 77289 41126 3214 7424 25694 25009
636 88
45832 4174 30572 43702 2122 11893 167 9309 9373 33417 3452 33887 45713 7057 7767 44889 1970 43793 46372 9447 25019 9614 6828 45232 11666 7266 2404 44325 8464 189 30116 47663 33219 46274 3551 45652 33112 3481 16186 30141 44399 8962 30581 43841 33876 30478 45742 33281 44641 4165 6776 6815 34738 45169 45834 45846 11530 3231 46253 7561 45851 94968 9218 9700 30119 11707 3300 2166 44508 893 45808 88 33110 30722 3264 46302 45358 11604 47943 30387 4277 43917 4110 33138 10724 7245 4801 7886
146 47
28635 40599 34152 16706 43400 43415 21768 40347 27403 42973 36507 43384 19882 40329 59060 17555 22609 31241 17888 24818 23131 22685 16614 21276 43998 13240 21004 30243 15158 43247 37377 17020 31220 40380 44045 30266 16605 17872 31280 31281 17656 19559 44655 15605 16083 17299 39408
