16
1771 99
18164 9210 41737 6301 39628 14817 7238 38753 21627 18258 59798 9125 39605 18168 6020 9536 22140 38883 8063 9520 38194 12082 40200 12148 37066 17035 15010 8000 42049 6213 21223 6265 37485 38758 38105 18890 41646 39524 9496 38771 12062 21564 36968 12044 39221 39062 41751 9516 38889 18229 37440 39151 12033 41323 9500 9180 9473 13881 37471 7908 9323 21297 8537 41380 8039 8011 9693 12076 37562 8065 46942 11530 38914 18431 12035 8052 18404 21066 38755 39353 42027 39753 8056 9213 8064 21656 7991 13876 10026 23644 18196 12269 39527 22483 18200 37565 38781 36996 36851
505 96
20670 1184 1031 25923 845 1207 991 996 22642 26835 779 24506 25547 27827 1370 31873 46926 20795 30404 31738 14257 30390 33677 31606 26384 12472 27748 20888 35673 1413 35767 28930 1061 27788 21946 17608 28767 15111 1013 1363 22688 1128 829 22680 1131 22660 1482 8533 29444 22820 21129 24536 16835 27416 27965 973 29708 12085 29664 28859 20786 2990 1431 1379 29877 24657 812 22602 17397 31632 27933 30229 34996 14982 21009 22937 32936 31376 14719 33785 23063 941 33534 14707 28787 990 28404 33567 16371 26085 30753 35409 993 768 26275 24592
1187 98
28811 40678 32786 44833 43846 27148 41359 44561 41349 28676 33796 44852 34005 40746 43384 41339 30656 40758 41193 41214 44896 28136 43643 29610 34059 44599 27769 25877 30024 41644 41175 35466 29119 40691 28260 44757 32818 30243 29930 44888 44914 34618 43884 30939 23782 41100 43760 43825 41351 44664 44596 24681 6924 29094 41135 29901 7092 40903 44880 40670 44843 41097 40665 33782 40866 43976 40961 45080 29986 27401 44970 34094 44731 92084 43640 44674 30874 40907 41317 44878 36027 43647 40940 41153 32013 45021 33072 33186 45507 44741 33896 34260 40712 7236 44943 43845 32855 29161
344 99
8772 12289 17500 51 14790 17870 14667 7382 17928 8091 12981 356 13069 660 12831 15238 44871 4193 1743 8804 267 17914 8836 12508 2921 17499 14906 81 6458 17926 6592 8 17531 15933 12779 6536 14766 17560 14805 15455 915 94057 17882 16833 13116 7484 12386 14349 12461 6544 15620 2631 8008 13039 6868 14819 15334 18023 14705 8748 12974 2142 1770 17935 2003 580 14664 14793 14570 6328 17464 6124 15479 2894 13209 7530 2425 6423 12413 459 17886 10387 2277 12861 17875 2726 6331 399 8858 15172 8671 2828 8920 751 14354 12803 12435 14496 374
1874 96
12893 24373 32209 21255 32232 27403 21300 34082 22998 29430 7640 31709 11173 11295 27075 25589 26330 34474 18784 30996 34404 33861 3376 11155 21359 6372 8943 2525 31934 31476 47 4092 31924 32148 28159 32799 19238 3341 31758 13228 20213 26088 394 8204 3357 19652 29230 26502 24960 29704 15138 31261 13777 32290 13485 12758 24095 1880 4150 31926 27040 135 12631 30235 12046 31883 11464 22898 34480 68 11029 4279 26990 2113 29359 1372 12836 12184 31309 28858 31881 12408 27942 2419 22343 32160 30861 25693 27871 13348 23715 31469 92705 611 32223 31026
1623 99
18871 30411 35563 24397 32671 18924 38374 41169 3224 19055 10445 36828 20315 40844 36809 19037 7576 36567 30706 37130 18990 39135 5410 9041 37012 19500 36808 26397 32961 18885 40827 39820 9539 40939 20585 36480 30273 26768 32948 8044 26605 41207 6261 24135 7476 43685 10492 10503 19044 90291 15821 9555 19129 37566 40799 32618 25386 6654 7195 37511 30245 9501 20973 9513 9457 40079 26908 41654 4184 10522 30657 30745 20987 10487 24947 18887 7759 40144 9152 25283 10494 36662 19173 11697 19795 6927 9066 20163 10486 40802 26551 36548 19088 18671 36811 6461 6732 27542 36707
187 97
33382 1744 13912 28345 13243 17158 7159 24134 40640 33157 14136 15164 7002 18471 2240 6189 40657 34186 6068 46360 6067 6029 37590 18062 6017 12579 33330 23935 38927 44512 41244 6295 21518 79480 13991 45531 1756 34145 33458 35479 21528 2062 35929 12622 1988 18286 35770 43730 7243 21432 19855 41645 25810 13588 25571 2470 47597 46583 1551 16802 35539 18587 2057 28348 36019 34270 12844 25702 27842 35724 1599 24585 21599 21475 25796 15642 16830 1707 35390 24359 41307 1572 17533 6621 29017 1717 34314 24299 45358 36615 4330 28574 24646 13739 1797 45308 37796
1430 95
46991 42062 46814 27399 38807 21953 70811 35769 7520 4689 16127 40409 46968 37416 41571 1241 28100 37076 39571 37337 39122 6036 43616 27140 33189 32269 26624 36258 31260 15376 14424 46946 34863 17648 13854 36539 27384 15117 40145 36135 37002 40302 35723 32369 46869 44538 30883 25719 32774 27444 33236 26984 35442 8173 34130 30075 7466 34413 42610 43107 27680 33599 46966 25851 30805 548 7781 31680 30923 31913 46738 41872 24320 27147 44485 44616 45116 27383 31472 33288 16277 34266 30597 29604 29450 36199 41764 30795 30921 43752 47990 25263 30810 35443 24375
98 98
7623 11304 9577 16796 1783 2475 235 945 12323 2471 10676 477 402 6106 5415 7198 773 2284 1466 22912 8192 14601 12324 9503 1801 1846 10257 10771 18748 273 11524 9990 12330 497 7595 1225 9987 262 6583 9917 10052 1693 9782 22911 9074 717 8715 20193 12393 1328 6309 13633 23235 11992 2408 2450 38636 1784 1285 2663 7669 19146 150 2376 12462 2866 1106 1747 789 11895 2720 1250 10107 14638 14102 14481 7692 754 14097 1723 54993 9588 504 1300 13557 1705 7592 7181 1854 11435 6091 2732 2483 12359 2388 6016 6143 11998
1676 87
32853 10828 32811 45791 4684 24795 31868 45431 7428 4730 45009 12326 42635 14900 32724 46458 46483 705 33891 16948 17451 34278 33608 28465 29223 33262 31896 25053 17358 26625 15812 33710 8972 28937 1929 17588 26631 29619 15396 15299 2068 25876 17139 94838 34415 12714 32129 11772 48094 4627 26252 32054 4856 34324 15949 7529 32067 21010 12343 4683 4607 4606 33007 12257 44483 33617 15555 2652 33135 31769 26837 33329 37698 34164 2377 4682 33250 12706 5095 12320 26643 12834 33226 4704 12686 4725 17144
969 92
19038 4492 23952 12650 18978 19501 4101 14423 14438 12547 6696 6680 11060 40151 5608 12445 6632 14413 12568 6497 19479 11104 6748 18058 12740 5311 18970 2323 14167 4482 12656 21537 7719 18814 3517 22466 23139 12597 6689 14617 18380 12676 12549 21739 6163 6628 5182 19468 22439 12682 22143 15129 12603 22604 3462 4470 18853 6548 4790 6619 86882 3384 3420 19480 14120 12760 19394 6614 4668 19110 14806 18854 19487 6184 3936 14523 12570 3430 12765 19725 12739 12584 19123 6078 23080 4388 4485 13937 9135 22517 14382 23871
1554 94
234 36669 33653 727 17675 1912 10909 36663 33846 34018 34276 43326 10259 28495 36679 33150 18565 36715 36667 34388 34309 1958 17682 2341 18239 36732 23484 36129 34333 12936 36190 22903 18390 12296 22277 36690 12338 23454 23460 36731 27379 23422 34305 36421 62191 36423 27824 27082 11000 27123 11947 20165 33948 36693 12226 33193 36777 33867 15971 18137 33392 22902 36664 10042 39588 9823 34293 34004 33108 1882 36422 1978 28160 1834 337 36720 36283 33194 27639 17390 521 36356 581 22645 17580 17769 5681 36726 36155 36728 17960 17768 9801 19839
1606 94
7097 19100 4395 33199 7091 7061 32155 30687 16247 43264 42926 5183 91804 42848 16314 36103 23446 27789 32305 7050 10209 22749 31041 6922 17487 34508 23031 25676 36331 27897 3628 17415 36654 6811 37976 35747 20109 44009 30375 23033 7180 42727 30469 7336 15909 42826 7288 6849 18150 6907 7147 22797 23069 6877 31065 7112 37640 16764 18569 6954 6130 37644 22901 30365 36502 7108 24987 31024 18054 16638 33869 33148 6055 38158 17773 7450 6775 40561 16215 18184 43556 36138 43253 8945 42183 42822 16393 29942 33672 20663 25500 36479 30210 32489
655 84
38585 42965 43076 46225 42986 30579 38488 30295 43785 33457 30945 38809 44137 32386 31656 38404 30276 33136 33476 33540 38087 34043 46516 34081 45920 30929 34037 44189 33118 44415 46367 32431 46388 34154 46428 30870 33112 38091 30418 32233 38941 45537 30699 37835 30940 34090 37612 38324 33480 34202 43212 33485 43005 36185 38383 42959 38137 38152 34353 30980 35959 30412 46377 38975 31184 38376 46298 43999 37636 30368 45884 45993 32401 46309 55649 33009 45517 33935 43905 38276 32363 33626 38736 33501
172 82
32454 10028 6113 10842 40047 33631 32306 7774 10859 7708 79362 23560 32205 31993 36033 31980 34874 8418 40051 17725 358 43859 8209 16497 23471 35389 7855 42073 32687 11767 7400 2494 36109 12505 23873 7043 700 42609 31974 22914 23841 9964 1659 17342 41643 41053 9320 32018 4880 4667 36312 32433 47328 33700 39440 13267 5640 36446 35431 42080 18007 22707 35485 7718 36733 17357 36275 32187 15291 23332 4974 32382 17407 4126 714 35476 32085 3907 34806 35700 1513 45931
1178 78
8339 1509 11893 60025 8526 22245 8462 17437 15789 11422 11334 22468 15520 15584 1554 3039 21509 8378 21506 8528 15655 4592 3123 15416 6247 16779 2038 16745 21952 8406 22248 1222 15790 15522 1308 11722 15536 8507 6608 17629 17444 21933 4069 17392 1649 21667 9598 1504 21902 16771 12708 22205 16773 15441 3877 16735 6698 15745 5465 3055 1410 5035 15429 6879 9137 16769 48041 15485 8469 16881 6168 9358 15581 23521 21464 21474 8273 11200
