950
8738 17
34438 20614 68221 1081 46844 42857 89237 2052 92795 33701 88550 485 69069 47390 10840 36519 41936
1634 15
75776 5282 2981 36241 90605 69902 34392 18305 15323 87092 24468 48779 774 57740 42058
115 10
76397 58775 15264 96238 44635 99249 50746 55235 5443 60419
1348 17
19371 53262 13098 39422 90465 58518 6111 27379 41574 65834 10838 56091 90943 73329 9142 55706 81953
6215 18
17113 4949 29973 23386 11421 16553 94148 52762 4744 24129 2140 14576 56408 67089 94517 45216 49415 96662
7327 17
97546 91198 10089 2444 91892 66385 50738 80916 62968 5377 72011 85856 7209 89861 69788 23059 56397
4871 20
920 12492 79041 29616 52743 42134 10014 2030 11543 55914 58146 68337 17652 50357 83073 98377 18945 17164 66996 72701
6550 19
94970 97138 10051 35700 31067 49892 65313 11530 97857 7958 93066 63103 12759 33058 80912 57286 85050 57527 16395
8530 20
11503 81373 87719 5892 26138 53582 59089 88957 32631 2304 20859 16064 42760 19448 98024 99723 22968 96213 27044 82458
7201 19
75421 1870 46664 33173 97303 98275 95419 7886 71207 2668 71365 81726 17893 5891 54759 23777 22662 76802 38846
6997 16
89931 98688 78792 5905 19589 40161 29304 15745 17992 87668 28159 789 87233 72751 15852 66150
6871 20
40071 599 47629 87851 67662 31515 12282 59306 42836 75548 36149 80127 74615 74736 16615 59246 66013 21581 39044 13601
3463 13
27267 93133 30102 56875 21757 50767 26861 61060 46708 31695 4164 24529 49433
8384 20
29310 76168 27699 71023 79781 90223 84313 24067 67329 15212 84933 67804 45614 54344 4986 37923 69826 34713 81966 89482
2297 17
32352 98491 19238 67018 61759 74118 54343 20451 72402 48161 5511 6718 42504 70960 26037 34902 44219
8696 20
35619 45104 44776 86267 17085 89554 3876 87902 38304 24855 77630 82092 78115 2284 82577 94634 66416 42488 5076 65791
2006 13
94498 96323 16873 36998 3964 20664 88446 79411 27157 42790 96719 75657 42447
9829 19
56041 83501 86822 88487 64120 77453 20136 75869 3990 47730 21391 97558 32779 67231 1070 11205 47315 51779 70861
92 10
73669 87154 33545 20672 9131 37274 57354 42710 23932 76538
650 14
88226 4701 26135 68353 59551 78483 50898 68345 60100 18275 44740 61008 33694 78383
1949 20
24096 18968 82966 71256 98832 52845 2883 63589 5658 7767 96757 99572 99686 77607 75188 21318 29512 46254 41367 1416
3953 18
5704 78057 66720 51407 54495 88667 95826 11603 32155 95955 64015 64680 38261 15550 80813 28280 19290 8169
627 20
74570 6016 49106 41993 94802 39432 20137 76493 13907 46427 61874 92874 60226 60962 18989 17668 47618 75802 52170 38799
4074 20
2184 22232 75565 60749 95481 92803 66165 33235 7282 15039 47160 87003 95431 39999 40629 87243 71391 99133 31062 87114
3311 11
37640 85012 63686 69844 22387 63667 46611 14199 46578 79497 564
906 12
60103 28069 51287 44052 11604 24241 36627 87150 2770 75208 73612 46263
5488 15
41599 35675 27179 93903 47753 67770 49004 43065 5946 3210 24477 55472 76322 48036 90992
1004 12
87426 7509 2399 71234 62479 24346 19231 71759 40950 77426 99535 70011
9097 17
9902 9544 68480 96626 79677 98423 66826 95707 3683 30544 69480 94747 3785 16676 70185 19818 85560
7674 15
80350 13561 85631 99203 33430 83532 38030 40955 92671 96371 96548 34604 22822 23230 48355
3730 10
53438 71144 68549 12766 87049 77932 40837 86078 69943 54628
479 13
65438 31568 15780 13011 90023 95650 70053 77731 9176 95716 4191 98692 15992
3428 20
612 47401 28439 69864 36727 51354 44929 88298 49856 97430 49358 71379 56796 53296 25787 94797 87468 63123 39161 61709
6253 19
51545 43682 10342 66108 98355 77863 34810 71436 81202 51490 43797 83025 25956 9713 56995 98882 51496 1822 96307
8791 19
77912 7524 86695 7772 91907 68515 10195 70762 32205 58323 55805 40812 99958 73654 5851 95022 67079 27407 89708
81 12
40496 50496 46586 31915 36541 62136 50891 83633 84897 10508 13133 44840
806 13
68168 71891 61355 43442 81762 91541 93536 43249 77280 59283 25022 2074 82846
5134 15
91032 93992 97031 41345 78271 77120 73307 68890 41570 6727 98153 79664 97582 10421 62796
9772 16
45682 10161 77264 41179 10639 18994 71956 39849 1331 12919 34725 70656 95372 90925 20394 63725
1161 11
41509 24904 17614 57095 31630 50715 45754 83258 35684 47289 6615
2380 12
11146 42369 37395 29106 12664 65802 90457 11550 83028 6118 96137 75099
8677 19
59762 61954 69066 98603 36527 63444 84362 95939 27075 87787 86212 5765 75934 11813 57476 65537 70719 55736 54100
3153 14
44700 19664 12453 25904 86269 87964 27340 97369 18887 62841 69678 22500 29753 98432
9918 10
63551 71772 47523 14457 27484 83949 61821 79933 49584 31825
1777 13
18594 13881 96529 65113 45429 12658 77184 12267 93435 89216 43822 45486 90073
3938 12
83826 75092 43547 68684 20791 92820 70893 38662 16110 59885 37595 12180
6897 19
56907 95402 83304 28038 71074 14860 10856 3932 87937 54263 6564 43423 14925 48793 75602 16476 73295 54084 37550
1864 14
30623 34568 78112 35086 80808 46864 18625 94551 54703 96511 52248 22717 43957 33943
5547 12
3379 49370 50578 77720 71951 9153 79694 89992 77659 83536 5500 35887
350 11
16689 4757 28363 2565 10810 43238 77936 8204 39345 55647 34408
6342 19
92024 40639 83420 56610 14438 78035 17891 21926 72245 32670 7859 54197 66637 69395 9810 92418 82294 55491 15146
8149 10
16863 79950 87508 71560 59349 39297 11281 46288 42728 88199
9540 10
64100 76067 69550 40796 22506 34381 15348 3354 15073 99580
752 17
30917 12133 28446 16350 55619 93744 18064 61302 70551 31700 72792 39254 94303 81483 26416 43031 91548
198 13
36870 79943 3333 11316 19029 46140 9872 42091 40934 37953 86139 64023 38878
7731 18
74564 70586 71930 54980 31608 22107 6507 32855 36559 30295 4279 72130 52336 19993 53230 3217 89097 63158
5348 18
2519 30289 22038 37958 21795 43951 27669 16521 30371 60666 44592 63951 6144 42335 75228 92159 70428 9820
8758 16
13373 66675 45583 57507 17985 18403 74958 51760 95727 5445 88026 60299 49244 24925 68057 36492
1045 20
17105 25087 20595 95978 77344 63622 90560 21886 41485 54028 20566 44114 43439 87873 56316 91949 29992 39892 38313 49560
177 17
56212 95196 74013 79625 32108 58466 68856 24856 38787 859 58838 63728 41033 86060 56541 45612 722
8981 10
73258 36381 15079 52999 53912 87611 11981 89217 68881 92873
3991 19
13418 76039 74394 60091 84748 965 19820 53412 20429 90156 47613 18276 14943 89303 14661 49440 63001 46311 59533
7305 11
23444 89141 17735 27769 569 31000 71052 41276 95997 16103 80227
8330 16
75340 35579 80067 19806 17885 30160 63306 55804 35551 27438 58250 62001 45963 59117 91846 86200
9316 16
5807 70147 99852 47309 82906 37623 47249 75727 83085 33100 43322 78016 42636 19434 85069 23358
5565 19
4315 56005 51182 79310 77462 5639 91866 72878 48934 68023 95217 14332 3209 64592 29798 66873 70688 39586 70730
814 20
41032 23036 55991 74620 46466 84848 52641 17022 94732 93376 54707 50581 84488 75362 49076 63855 36942 97902 5977 93737
9836 20
15151 78858 64956 79991 86374 32683 72558 92220 84746 85288 54368 65991 46523 10156 37094 34747 49563 32046 63244 93608
2943 20
89074 42824 10040 34734 14627 36728 35038 19155 56395 38998 44522 11954 4916 61497 68429 56722 68857 48077 8051 90985
703 17
86055 73064 49338 23091 66951 89033 56745 36614 70286 79756 49317 45427 10282 39014 97238 73048 75982
661 20
48941 87312 32402 83190 46618 77606 50977 25973 15297 26557 49350 31489 55860 41272 44823 15973 86001 9112 5110 66405
9100 16
40503 79050 41747 67500 72373 1905 11852 59863 53450 58793 26345 14179 24333 48829 6610 28665
4319 12
92950 88250 64662 24612 49885 83203 61789 67521 5288 28815 31577 7365
1668 19
80410 44718 9362 36335 24030 55783 58743 88494 67446 45921 46296 40392 71723 97548 21420 77215 17657 54122 77181
349 20
83215 64201 17897 92378 45706 49971 10212 55168 56492 71808 20469 87536 18167 97265 93253 39545 59352 73350 99807 34171
9227 13
75128 42200 67461 30542 63726 66562 43939 98859 18981 38461 17766 14391 27902
4713 20
7840 20958 42024 16018 72070 4500 47016 6256 15110 97498 15233 2430 70362 79089 18798 86903 344 55232 20393 76521
6669 20
59832 96915 92111 3242 85781 83505 23109 99363 42918 67049 70627 38592 85615 76938 13095 35314 77258 1918 1889 1901
9855 20
60258 74200 83257 45533 55738 34698 84226 89198 14014 94033 64392 21342 79077 31629 2999 56073 18568 51479 24583 69233
8505 19
51950 91543 75626 82264 70781 63958 99498 40259 80284 10869 86182 35399 62215 4848 44883 68405 68816 53693 64527
3548 11
40089 7620 43615 85798 98495 18494 15037 49240 69461 72581 62046
4037 15
14868 98773 10238 57868 36940 47427 81436 84441 54646 25943 37484 15345 90516 79528 56820
4439 17
6785 40174 72389 91600 10386 75771 75100 20796 39744 13903 11204 24579 65954 42593 99588 30114 9881
3679 17
43919 30290 53944 77953 73279 33897 32628 49586 15648 91484 54193 20209 39446 8895 23169 73820 64846
18 14
52395 75224 35169 98878 80302 64396 52255 56601 55842 73308 69057 29586 74997 74125
5724 19
83428 63547 24578 72830 21401 8025 43701 12844 3319 16663 13122 89956 53478 4331 91251 9003 93722 19536 64761
2138 13
5474 20154 37049 4045 49068 59919 70282 59528 76670 1663 43595 15015 25805
5020 12
72364 56306 61717 28296 24078 84053 23908 97385 71679 34753 70976 11335
2110 14
24868 61289 1347 39568 34012 21009 59501 33033 89707 86964 76856 26358 51188 91268
7791 18
23942 27113 54133 35109 83007 41427 75810 87331 49959 81321 87958 48237 26638 84014 32187 91641 81874 93181
7729 18
24647 28235 31058 43920 4197 6685 15638 80885 25440 16001 86053 5343 54159 31033 72099 89627 15641 74182
6446 20
26401 15900 97353 66792 68545 68205 46530 53448 69144 69387 36923 35735 27618 83774 98393 35871 99013 78839 10142 58291
5002 12
23352 31469 26815 79017 56284 79583 4951 10707 62072 18834 62394 74901
8181 19
82963 39996 15098 76450 45999 80560 83126 49564 56979 34337 7259 52171 23141 74272 59532 29408 37489 56597 40430
7281 18
4425 53518 35664 83800 8971 33026 20628 12771 39968 64213 88047 87511 27077 15340 74003 3009 92440 26693
2882 12
16292 6626 34082 78934 24478 34255 48828 54090 7897 83698 130 65860
757 15
89299 32956 80165 70386 61938 84610 80031 30516 85117 6899 3877 66258 81960 46077 46677
1356 19
83283 52190 15920 73445 49706 77787 89796 40507 61543 74453 1718 98328 70779 66975 63860 57786 7850 74656 13975
2510 13
36151 20151 88952 51299 410 90510 94567 68356 58544 39652 58393 19813 70989
4705 17
37941 9691 19051 51664 92431 71928 26982 33664 24661 95102 66365 29112 15961 28939 58350 46654 27498
122 9
89613 22078 37843 98090 47800 78834 12344 13385 55902
3277 18
23432 19826 67204 68496 60395 39549 39314 30216 39191 18635 96648 94314 4816 32672 13431 18984 15674 29145
2904 10
19713 55723 27446 60058 54135 43181 31835 94923 42921 91335
417 20
1989 6910 94957 53611 54617 35858 275 15324 96586 66048 10368 24763 99685 93582 60189 47041 23860 42052 67351 95889
1752 20
34219 14251 226 97137 83265 63175 32922 3970 30714 50923 66285 6294 67044 88425 14089 78980 40002 3907 56345 70743
1076 11
34540 9490 82648 95936 29463 50018 37425 67785 24802 98434 37793
6182 11
77330 60209 21690 57417 66956 39939 88616 30277 72947 63749 70106
587 12
95174 14665 73207 55872 43069 53810 56129 5159 79343 80208 89899 9451
2415 15
17257 74055 95638 94287 27490 83554 4557 80257 17962 42484 53402 36089 45738 86608 46548
9872 12
46559 42558 22001 51849 47501 85527 91580 4537 60493 32420 86685 56111
7491 18
32661 60681 24104 14389 29611 21049 39743 67568 89044 70505 75423 25513 39338 6316 43424 48935 8221 69142
4101 13
2013 20012 840 65631 92118 16166 39838 8983 65510 30611 37650 97993 58277
751 15
51453 91075 29854 5449 33695 18471 15535 59538 92605 74094 59492 94239 41058 65399 15713
8691 20
48126 46058 1012 33992 55052 80049 35565 87419 18437 15480 78477 20152 50247 78715 55714 29434 85175 15371 11153 59290
8050 17
68239 93694 18693 42059 37194 39647 50751 70363 63540 12728 813 24179 36105 88971 63265 3975 78373
7075 18
26973 99835 92121 86304 80133 37195 2387 66289 27107 91201 71055 29624 88983 17920 52111 92755 69741 753
4193 12
82470 16068 8596 51587 29869 52011 58278 97482 99564 34675 49397 24403
111 14
70445 1692 38153 55457 20320 15253 61427 1559 40466 79430 45472 8792 78382 97759
6960 15
6247 71899 54459 19748 38352 10844 72698 99689 50433 14405 67911 82588 69862 36781 61486
8279 10
63029 73237 11213 96414 98543 32039 79437 63624 82502 24737
462 16
11995 88288 65678 36094 36722 92412 96865 12322 82077 31505 72407 29109 84319 76817 73681 45164
1351 11
89302 21165 47154 31055 36187 28930 19843 91501 59813 2942 36129
2754 17
98693 4700 71756 52108 65435 63882 64367 86571 64840 60594 64036 51675 69218 81834 65303 35310 47424
2737 19
1780 35484 13839 78710 64827 77444 89450 43703 40330 3905 46156 80130 33748 31512 9560 3325 25708 87118 78758
7494 12
623 10857 41288 10663 79302 90878 36353 70468 51017 76735 4463 85508
1659 14
6279 53843 75181 66551 60276 19804 50300 56181 17025 42808 55938 76475 35568 43695
733 18
74547 79180 92724 39705 55817 92955 86454 49094 13284 65928 10133 76251 80266 83833 95415 66261 27665 5837
1970 11
30317 80411 49785 13325 60718 92429 35806 71777 60864 22341 17137
5097 15
99934 78906 44628 77137 61972 71511 79915 1141 93115 96530 22486 60295 20396 95489 68596
7124 17
50099 54052 84187 80820 33815 95164 78852 15534 84791 15911 72194 63152 43774 47497 66112 76659 11559
381 16
83622 64923 41769 26995 75098 86835 13349 8747 17315 7 2754 40665 97925 23543 3837 78218
5771 17
86501 33122 1209 24242 99914 72219 64988 66534 3612 93974 75809 79899 54432 93188 49265 33987 61655
4758 19
41803 61417 26076 4552 94218 63986 71749 2686 74497 91216 47525 54287 2051 92408 33654 24709 23928 99010 84347
9447 19
38493 70663 38593 673 76262 89681 38320 34612 76725 33653 90735 98621 61857 42871 20351 83518 38150 14339 63821
9092 14
27133 70866 56179 39395 52279 14736 59636 33002 43902 83350 4727 61446 50047 14305
2651 17
87520 40436 7277 69343 6709 84919 33345 15485 51735 90615 34930 303 66504 87639 35995 98402 89695
8178 9
9401 81080 45833 4923 53621 40020 50605 50677 96730
8628 15
92518 10086 58598 90841 31738 19720 47784 78777 44180 72673 70325 25297 63623 15373 34688
4631 19
80045 80217 9577 43970 49982 98260 49649 66446 52408 56132 15196 40434 85608 80023 74390 6866 489 12505 63708
6418 19
14997 77682 22844 79744 82879 91998 96150 57577 75744 3708 39035 4176 71901 55251 7124 81382 99717 36770 55802
3025 16
89152 795 16177 78860 23992 75910 39219 10714 13068 78581 12837 25569 2813 33754 62511 14804
1137 15
94733 49198 52467 23843 73122 32799 15617 53183 49964 181 41013 38498 89486 75813 86110
7148 15
32426 49863 8543 13913 3013 52707 4474 15901 43448 71203 71260 48396 50825 51731 52590
6023 13
92097 27053 7563 61444 94561 82460 33275 99298 21768 60407 64872 65630 90994
1427 11
16915 98986 40047 8827 56741 82504 7576 36020 86916 75006 87619
7179 18
58721 36250 2258 68807 46987 41750 35544 38619 22200 37668 45570 53577 47013 95940 22705 64217 59713 41291
53 11
19871 45897 2478 60488 1061 70968 67042 56156 61098 42293 27198
7104 18
6640 86511 88759 92978 52594 14464 11303 87687 54403 2984 50761 80549 31313 13281 61556 72320 71194 26014
29 17
93750 80532 66311 68449 12708 33042 69361 80009 55674 33336 68691 77350 99675 97733 50056 23600 69534
4059 10
95569 62569 88056 12229 19054 3166 23918 50230 86716 36425
7038 17
61179 99644 64379 87874 80352 22970 95361 34793 74706 3068 11272 45102 70019 1508 43484 16268 19777
7193 18
57697 88975 59092 69087 45085 92266 69289 71752 85721 21857 59466 87526 81187 84847 82055 28134 39397 53826
6608 12
2017 67023 80953 9777 6829 65440 45646 18616 59424 92625 83533 56386
5853 17
45690 74745 69503 15189 86337 95766 35992 74376 46472 40237 98161 7334 52055 26098 78738 71022 51319
1653 18
37098 38343 94606 23427 57035 29400 96842 94978 91818 93600 28095 28629 53375 28621 32573 13447 98634 85842
3514 19
38245 87297 46702 77826 33387 98565 21859 33494 83840 15556 45610 67459 25788 85565 31432 1260 99226 2305 52753
5523 16
82572 37009 89131 33580 80571 36834 44354 48363 65454 67081 31078 64293 17531 95018 31675 18711
9002 19
62316 12124 37414 52024 13716 74681 58943 86336 39863 99659 57226 2591 14234 49905 77985 31122 42901 16782 34020
2890 11
60955 55383 53382 58072 64427 8520 58129 58257 87869 4120 59460
9255 14
80757 17705 54473 12490 14871 40739 1875 29485 19731 33025 69499 87929 10121 82545
4170 16
24690 78045 62164 13380 21707 9654 8546 56800 84045 22287 3723 52006 39584 83717 80354 61321
8887 18
19827 12560 89506 96383 42539 41297 74971 45450 67211 80223 73556 63045 69321 26988 19482 50060 87881 6956
2359 15
9508 55889 14067 60259 78319 30503 98686 63497 83803 19053 20678 28632 12451 52615 85810
1249 10
87288 43004 81969 60004 14370 24923 13016 70255 10207 76800
6338 18
99700 12190 60792 87196 95615 14542 90076 24605 84191 50679 68607 73241 28228 45550 97460 85867 3993 87956
2732 14
98643 96872 34513 60437 17453 48868 58308 55683 61549 12612 45352 30026 16158 32601
6754 12
48874 16462 73946 69574 57188 6136 64971 54195 47046 9716 60674 38055
1448 13
89811 53233 91418 45379 95566 97191 46160 88725 92889 88507 45990 61385 52876
1229 13
79616 90096 42863 89893 11794 11142 52749 50904 8896 76472 60936 79141 63469
2610 20
1382 65479 61304 49113 77032 48043 39325 89240 66708 4174 7820 74761 25060 53356 30494 52297 11071 10458 48745 71113
1023 14
9084 94739 10828 85591 97098 27354 97587 89160 61112 55186 83452 99039 43370 30515
1241 19
29536 35438 7283 31753 25953 30381 22364 6017 67054 32832 86125 58465 64170 38480 99029 90313 34500 47856 33262
4460 17
76084 82131 56836 43208 51201 95798 36327 54694 35789 42973 12804 69675 21702 98425 25169 8319 96436
7977 18
73858 1113 98237 63465 8250 9618 95919 22995 52968 60431 58806 81155 8182 13108 16514 18676 85101 57517
8314 12
56962 8642 63791 26183 3608 2974 49592 15104 41770 68776 41045 13404
7358 19
8226 41726 81897 46729 65508 65619 36550 63957 45114 59605 34271 81543 47834 46203 30585 67570 34122 51487 88944
8917 14
32911 3456 38007 42526 18745 65614 10177 14901 40941 61097 22365 60134 39083 6604
9506 17
61131 32320 91177 53947 73605 54080 28035 82657 2253 55571 95401 73120 64272 48747 33125 52150 24168
5339 19
74857 8649 63380 97317 93773 61805 72427 57668 56296 82022 11166 58639 40789 57166 68007 42866 21895 58878 12125
4330 11
96715 71274 72368 96206 60050 2290 80442 97836 87042 6287 52496
5263 17
73291 34601 15260 64389 38744 35600 83457 36344 21385 805 41725 37405 63602 32725 78398 27573 90365
8222 13
40631 74797 56920 89187 98195 45179 96763 82830 80975 52797 63316 5394 32921
2919 17
66105 2194 92778 54171 36953 45296 26334 37464 22402 832 36354 22673 86866 41339 35907 43217 43173
1760 10
5901 39132 49620 14830 22422 40929 58487 82880 46805 28953
6644 19
89990 62465 5281 47332 52990 87633 79918 60249 35676 34217 91504 2164 10816 32722 59710 43182 39066 67532 73905
1737 17
11483 75184 75599 7055 24216 41108 1912 35667 75169 18610 63090 10209 39513 96574 74518 28258 7610
6179 15
28605 30428 21339 9572 86007 3457 45439 23087 24006 40613 42006 52398 63008 70967 9863
4395 19
66605 93942 77725 91034 9978 90725 91851 84928 93784 48010 82899 80554 14023 68609 78663 12772 69050 97933 19596
4704 11
88817 45187 66137 47679 26048 79826 96939 11965 53376 46492 14343
6772 13
95671 19919 86445 24112 75938 62509 23500 45113 88834 90050 95512 46842 68161
5851 19
8445 79965 3982 23556 21720 87530 56563 12513 17291 95728 45502 85653 3163 21555 35601 99002 21719 50129 16980
339 18
55575 72357 17915 46187 86688 37593 13498 52082 34201 19998 36061 42160 43697 69372 88088 79228 27942 77635
3981 14
34633 47001 29189 15513 11556 21890 16378 53195 24824 8408 29157 4900 51948 28564
9204 14
63140 30909 97721 54110 41533 14911 82570 77844 21536 27638 23565 94816 1827 59900
5789 17
54566 87405 50132 13429 62416 347 78124 30447 69491 15119 16737 31614 89758 61402 34964 5401 97026
9934 14
62769 40644 26078 85896 76048 33290 31611 48939 61475 13865 42785 12599 50954 74498
2541 17
96147 57554 79040 25662 73929 12444 32094 41831 12038 54239 98796 43459 29965 19302 59039 14967 5197
2928 17
97630 84448 67282 16309 16159 18109 12157 57257 31414 15036 82132 50115 47749 63149 77931 83392 63521
5761 16
90886 19707 82127 82537 22202 13204 17367 70757 59747 7101 77951 51586 90546 9465 58848 84117
7644 18
43396 26476 71355 59212 89347 97054 43063 69898 62560 11830 14944 22370 79845 7510 86800 37473 51970 14114
5311 19
88308 47594 27 73422 85283 52285 82953 37385 75001 71301 41168 81510 56186 66267 5980 26765 40337 31674 76763
7839 19
53652 80364 56161 24635 33866 99122 60653 74508 26812 94038 16484 25222 33645 66130 4628 13704 25682 99997 67734
1556 19
27036 31645 94060 19297 39198 6231 10303 26954 91670 70486 16757 67871 40897 99500 30508 53033 82565 18307 74855
5687 15
57895 56915 24711 77519 11163 16767 99532 26971 12006 1309 71188 20019 40386 82885 17174
4112 17
572 27645 65305 35584 7423 49884 67144 30218 88453 95395 72854 20577 8516 8967 68058 46917 13957
5388 10
2510 31625 29262 22454 56049 48235 16596 47577 68884 6239
2250 15
38008 10297 87671 68845 14779 46943 19243 87037 52198 54812 3417 3737 95542 84817 70257
8525 13
24310 94354 78705 96104 59942 61094 77278 22729 72939 7995 26366 89426 80039
1989 12
61260 79182 39893 85142 89037 24761 80644 60870 97175 51836 64154 70849
7841 19
53855 51679 13603 47100 18316 24318 59880 91832 29602 29245 38953 73346 48987 34294 17413 32406 72893 40280 92195
1201 20
78818 16196 58677 48464 28933 91106 33588 99331 63192 4850 34078 8851 93111 8585 6471 84256 26759 66837 33482 99899
5107 8
26124 16207 99782 89436 71935 42282 25261 74495
8518 12
85977 38231 56852 92374 97852 41806 36836 11461 22438 97315 1534 48724
2276 15
16594 88880 49600 40974 53887 39529 60061 28198 83080 75298 80809 50057 59168 43859 22235
5219 15
22188 22397 30980 48243 90846 11650 65749 94762 15058 27426 2318 89641 50308 86054 68110
3720 15
39381 46806 19264 60814 32015 63846 94835 35343 11291 84943 31747 47043 85826 73304 41114
5485 16
85344 11452 37542 92665 5576 97710 27780 22607 80877 37989 28851 18833 16431 72241 44747 6395
5942 15
28518 16285 38755 7265 75667 97150 13868 36810 46122 4449 9609 84071 62284 71138 6297
5345 18
860 89116 15602 94530 98257 32964 24450 62392 72349 11138 17624 31374 36536 95436 90912 13629 30131 56301
8226 17
55921 97687 63151 39877 1389 80110 32452 94548 39729 67199 23282 89734 64000 62583 32778 42020 1636
8617 13
27336 12078 70208 80572 65001 56222 27070 53656 58113 96366 24555 73616 62826
2346 10
90784 3616 38852 62638 23022 5214 75265 33916 90132 2355
8728 18
71936 35203 33260 69082 65433 50050 87702 32405 56671 10134 74374 73194 74978 35881 72584 18116 81479 15654
2126 19
91307 15433 24695 2994 83515 37437 39045 39158 5152 33272 46775 80042 18221 79908 75921 92653 6266 16653 14772
2855 12
46919 49386 53193 5219 93395 79105 51598 79101 84843 89781 46169 1838
429 17
50240 9338 12563 74800 4563 69309 52052 90776 16011 34658 65576 97297 7651 74594 94069 22388 46763
3967 15
45867 5029 98150 3934 81836 65345 82439 78523 89256 37267 58643 16002 78743 37839 9551
7360 9
11512 42389 26904 50678 48561 23450 99682 33085 93449
4138 19
7028 92204 45568 17444 74424 68663 55497 97831 57207 16048 41421 45495 34073 96595 37046 67693 59332 57000 6958
2523 10
86536 15035 1014 95480 95160 70620 75088 92359 99834 51193
5023 18
71227 57179 42712 75447 66078 8667 54788 85676 13803 72850 31201 82184 73933 50887 5825 90649 87136 44869
9027 13
80014 57018 65839 672 33279 66363 7339 7881 32154 87363 58873 65327 16771
9070 19
1833 95623 26864 50741 79699 34749 28391 18933 48849 41616 95459 18941 78692 78830 22344 46400 78622 12507 12301
3202 13
40153 53811 77943 85328 40329 14449 78302 9868 62991 91975 34677 33477 22439
5397 17
53613 46379 25888 53554 78555 3816 98963 53189 54150 71639 27789 5699 77282 94475 90129 15078 73351
220 18
80199 58268 37332 69313 53737 15813 42679 16920 19587 51537 17440 92984 90127 48577 79410 27476 33342 18369
8124 18
24203 92010 91445 60124 17381 43674 16017 73964 63901 96909 47515 64953 77569 74777 9262 42355 69653 93906
8521 17
64176 83416 86004 5922 3523 9525 52981 14317 66555 55003 92700 98065 53094 75115 6293 94592 72412
6826 12
44766 75337 52131 41184 46958 6581 56931 49952 35453 17486 31516 45341
2226 16
53710 16050 79796 740 9795 74239 33954 18308 44943 9502 68747 24483 95260 23875 34256 87424
9061 9
97758 6623 14719 47228 34454 40717 6237 97493 36314
6237 14
91042 57855 50591 96515 14727 59450 44804 65844 39697 11327 85750 47326 35897 99963
6388 10
25759 33785 14052 57679 70658 78503 27325 21305 35798 6068
6636 14
42641 997 71874 5454 54092 97223 34089 1816 60066 75695 47875 47982 88953 32592
3915 13
63550 67403 72951 30953 98284 74117 45917 59016 60639 98747 55918 27006 83261
7308 16
10896 21713 75913 48460 67249 11678 56598 78871 24598 24479 38808 97823 29482 31752 54440 40867
4717 18
56201 65413 2654 29078 36568 51880 86264 68665 67252 43891 61195 61563 81351 28190 26828 49956 12998 79767
7368 10
56298 83691 14375 91433 40763 15296 10925 11093 18208 67270
7078 18
6535 33797 18627 83541 64421 29359 2187 26141 51012 73397 74044 43578 94088 37913 13571 61642 64525 65959
9467 19
39303 66786 53328 6583 9160 51019 39592 96825 90682 16008 71187 91860 96722 86572 24454 45658 56654 25834 20302
8490 14
12447 70466 48919 72199 50163 75442 52199 82276 6067 6575 74268 5462 1738 11887
6437 14
73674 6701 50328 19228 35917 25485 44744 49525 85665 26586 45772 41552 52582 16788
3211 18
23753 51082 33432 45273 57344 60062 80958 2888 42423 74216 75480 17693 71341 890 21718 8863 93215 87303
5999 14
96427 11566 50054 21000 10128 59137 70701 33623 41739 75402 42056 89070 75664 69509
9349 14
22034 46782 27110 16772 49333 2672 92927 61627 29017 25475 12036 2822 82705 4859
8356 15
58054 91403 8343 3504 53666 80143 24481 99206 61278 7053 85020 88018 25656 42471 22097
5438 14
94553 87397 98 68452 13272 12924 41381 44812 6373 76256 89930 49632 60056 527
1342 11
74766 19315 46270 67961 86196 6330 14075 88043 56297 34616 63941
2973 17
34945 69762 98433 33853 14497 14362 37616 34494 48717 25017 78862 12163 33642 18578 27393 61101 75883
6783 13
79679 38845 16383 95095 33737 2324 57165 44717 67583 48392 51427 16770 82698
9203 12
24592 81842 27088 71731 83264 8470 38458 6905 8113 67814 91060 87616
6241 18
40462 36531 42960 25240 54471 21600 74814 40351 66575 48146 12416 61451 13562 66639 98014 31889 86442 88617
4924 18
92541 59614 93078 48782 56151 13354 87012 66749 44645 21951 44115 66609 99110 59889 33792 71417 66797 6532
4556 17
32157 40510 57800 36222 87866 43049 15115 45034 972 64985 74165 54089 33926 76785 91644 64604 56560
1826 18
83330 21922 66497 18765 64048 26070 38060 79766 20399 17481 62632 83776 21512 5968 83483 9471 55687 90765
6378 11
50575 2759 36286 25257 49726 42644 11653 77298 73365 97554 85709
8392 14
69215 80643 41824 29951 42060 20066 99981 6519 96946 32513 95714 96203 2231 36885
9629 17
76914 33547 63036 87028 69054 51633 13258 29531 18160 50041 56195 88717 60819 1721 30591 37812 8705
1549 11
52239 47431 78457 39536 92602 36648 5245 52007 61854 98461 25013
4386 20
55589 76411 81146 63486 27770 25605 55159 51559 8144 74910 53983 20278 58984 1441 41768 41057 51286 70149 2757 50686
4847 13
86820 85766 16173 11089 15764 39814 43770 18218 28196 2851 78893 49101 81475
1476 17
47921 36162 67602 57158 72019 80283 96318 81097 86219 75901 67690 71712 97603 1961 97715 19419 62389
9128 16
26264 20291 77778 14032 6199 22056 76510 59735 41170 48531 56152 90595 43449 6763 88368 66290
9927 11
15046 62049 62499 74206 79480 25242 6861 6495 87095 75180 79254
7984 19
44930 27980 57104 6981 7690 38861 57279 91557 40900 55615 78896 88120 97991 96995 83098 98660 59248 60574 56008
1967 14
43927 40905 58156 8369 33135 86026 92869 43534 5236 44470 26335 73638 40595 82135
1550 16
68279 46278 27391 39689 95024 9830 53781 76247 33528 55633 96794 40400 94711 18735 3571 38858
3547 19
28626 49233 49047 67381 98490 97811 66303 11006 19858 71151 68263 18037 46446 43386 79320 8106 76963 34331 68797
3124 14
99244 31431 99456 1683 57835 79809 42065 11593 4303 89360 88888 45851 24803 7441
9610 15
26024 15889 72458 10310 73708 51124 99410 59639 7226 82028 46899 81281 94445 8256 61799
1349 19
28366 22375 94002 45850 11511 19353 74174 82237 75381 17539 56202 42110 32056 50069 8164 86640 63894 44508 75694
1504 19
89495 53279 27272 73289 60114 6788 33029 48312 55493 5201 87612 81801 76629 36228 10783 25159 95023 12996 39026
9566 10
52477 57624 65721 48216 76358 44518 60741 85657 3302 41865
1029 10
2582 19794 64097 79024 7468 15258 90196 25966 52505 55391
9676 13
93929 68280 43234 70745 14601 24519 24654 14940 52718 16635 94138 96170 89472
2991 18
80187 71546 18985 82300 90602 69656 35481 465 85266 16259 37044 60312 11897 37961 44075 3424 5604 11800
5804 16
94485 99751 90819 91571 51893 4467 68128 41712 8105 22763 48473 8102 62289 5917 30618 34521
6060 10
96346 93867 58658 33014 38156 82043 44028 9960 86675 2388
3568 15
57089 38570 66803 1417 31134 3120 9324 37582 34112 5430 38169 20511 15600 40438 99956
7243 16
30369 27950 76394 57434 83823 91025 50394 60513 77263 24818 43122 36003 42008 92712 41457 50324
561 17
96955 95256 53763 74585 62468 97761 8806 97800 8987 99897 85188 81332 72772 51002 51720 25871 58923
7827 18
17799 94666 99920 96711 10263 60037 61070 83929 17720 93251 19289 84059 71907 95557 99721 21813 92849 20123
2162 17
93034 49668 54504 17961 42376 81610 63614 31401 84861 54449 34879 81932 66269 35593 33165 44531 54155
4796 14
97380 86008 68312 60367 16286 82522 77084 78947 38378 51560 53290 81035 33791 1068
9053 16
40703 71014 5886 1638 87880 16455 62941 99762 85879 60614 5280 47051 76721 89802 55265 22199
4284 15
20698 72299 37144 79590 23103 74488 94524 79501 99442 4492 55489 91306 76024 95026 40266
6202 13
35878 47571 3489 73534 70036 69527 37978 92835 18657 81666 32439 26051 88430
4892 14
11386 41906 67902 67747 84002 27342 91660 53588 42322 99600 92278 62575 23298 50779
6916 12
11809 72127 99970 50484 73880 52775 69602 41285 30454 70456 28824 1234
2504 15
449 22770 34013 53082 33155 70525 86931 83227 56410 7223 95592 370 67989 48916 24035
5532 16
77124 9624 58431 75618 36759 45150 76154 64219 20449 84803 81458 4594 70554 56444 8841 99553
3993 13
47019 56292 58199 92861 21837 89549 63237 57768 4313 22861 60365 50285 43520
2608 18
17701 94767 70583 49034 37863 80164 11918 79658 63594 86940 54742 36745 34119 56123 99212 54180 46504 54120
3394 12
39436 15939 54203 95135 81118 98924 10938 58482 2863 41598 64967 93786
2044 20
29958 39554 69029 71861 27066 89068 25945 63471 64546 92294 79761 7230 69976 59429 90947 34336 2766 73699 63723 84863
9761 10
91084 54689 97918 97684 74259 28058 91986 61586 3750 55044
6054 8
4824 58795 69265 4114 19734 63110 15284 61539
5065 19
32542 28614 40458 9950 71471 311 6870 20130 3096 69453 75917 99038 63892 77520 71880 28703 62380 89812 99758
205 17
48013 59987 38482 66489 17610 89409 35266 36301 67607 64997 5036 28752 22789 15899 54398 81965 85922
7937 19
32944 7517 48614 78805 4329 81827 13847 48712 50105 34861 92731 97092 79984 74379 3015 12807 3518 12068 62239
3134 16
34939 78031 35068 85767 57795 66699 51206 76660 34373 24736 76719 79014 48041 49408 57609 96407
5360 18
33065 91915 18325 82605 56937 43051 56856 69020 20246 20416 31018 55642 66546 76585 22487 73095 1845 59857
9239 17
78515 97260 73807 24764 6754 65093 12123 35547 75646 55016 34855 86429 6812 93009 52478 56230 25718
6229 9
76302 75827 28422 81657 24198 14751 61540 10817 17584
6386 9
11094 19711 2109 49757 59511 71764 17594 22813 9874
1109 9
29735 78813 65141 25962 74628 83089 14698 61713 38329
2819 14
53398 37738 73219 94870 3543 84131 84230 70051 11173 30728 37410 66875 43177 43189
4251 10
46481 95377 16994 61616 80598 7613 49793 41937 60970 93029
5568 14
11989 65855 66563 40116 15721 70548 22644 72568 11333 86322 83113 17432 45053 67294
8098 11
20487 52912 86941 35499 83543 6241 32178 48510 45918 7982 98316
7881 11
30489 8436 94115 69356 47235 30549 40758 27882 12040 95013 29647
5064 13
58186 1436 904 23729 76181 45071 36767 31266 55912 84578 51920 57941 65751
3907 10
14146 45631 92245 99279 42943 34950 58981 27219 33825 39237
1283 18
78912 89194 18163 45905 65797 29280 99157 21454 30634 38825 18667 43971 61184 34956 96458 87663 50561 9751
6235 18
54675 98310 89751 51514 33564 21213 14188 27975 20599 23126 10813 67868 16201 74048 89434 85956 44347 43368
1559 13
48838 83093 90715 51878 52328 13735 44809 57844 91615 49428 21448 94008 32310
5117 15
81352 84432 8709 18535 3822 6466 4056 94198 24745 99375 96074 47619 12315 23603 99343
8177 19
86465 62193 37076 18057 27778 61129 12332 45970 34772 72882 12082 15824 87722 47292 19949 68303 41349 30779 42461
2548 18
32726 86711 57484 28728 32195 13294 33891 47803 86674 45656 74100 75343 94111 84796 4499 79523 27691 52917
8763 16
65966 13273 73956 6208 41317 6023 3320 51074 63834 77666 52351 80982 25170 38179 49038 77786
2426 15
62386 46011 29891 79815 47956 20121 83455 80268 32695 26876 57164 41980 15831 51424 36818
2097 16
71974 13950 4479 36914 56512 59220 99396 58614 95184 70408 55915 30639 19472 72902 35119 84576
7555 11
80645 59433 9913 34991 98853 49271 33388 28735 93960 62262 31057
5569 12
64850 34230 84254 59384 3796 62797 42224 9565 17805 83966 1429 49204
1296 11
80466 19174 88340 88752 28937 9005 26826 95303 84642 45191 95991
4026 11
398 57601 9852 15377 8548 94401 77408 79079 25243 86359 97985
8594 15
18250 36715 76876 47980 49517 42069 21708 96823 50344 66957 58682 13067 52954 34282 698
180 19
56086 52970 71005 98128 862 79716 3243 20863 72660 75870 84541 97815 53633 57753 65750 31588 87213 35394 54866
1596 15
79620 43430 75356 60540 25014 30880 29111 76098 99733 15116 66979 11141 5745 19531 2125
3632 12
42140 34962 73286 56974 60329 55839 64088 31648 94062 46997 91017 23357
1014 15
62913 33578 74625 67950 21950 76791 30283 55274 41197 77146 7927 74634 65429 46274 37599
8025 12
89138 12329 42969 60747 94355 1439 24977 64190 95861 98568 14159 86652
9948 13
4624 24599 90758 23869 74943 15301 10231 7578 78907 83858 60007 44866 55894
4589 17
15019 60847 25544 63137 69690 7474 16290 96657 57543 85547 13094 68905 21652 37167 42443 35659 65364
1397 18
17529 14265 45733 50055 83582 56640 1422 62582 13136 29597 11232 73566 80506 18788 92248 95221 66665 36689
5423 18
28551 27803 31739 46430 95207 35455 1409 9815 55156 1773 50200 16272 94963 49455 70050 8351 21946 59012
4213 14
94775 24738 77531 94145 28342 79678 26825 30834 66911 9895 46208 47974 29636 16057
9616 10
86840 17570 99815 1364 75156 7556 16417 41559 78190 26504
7293 14
12574 14667 70986 49312 39981 51647 3704 36429 78972 14763 57054 73884 13465 44087
7645 15
54916 5565 16202 10327 80297 74489 11713 51951 98631 91775 7549 33181 49720 38206 28757
1923 11
26537 71859 23612 98448 58861 85162 9757 51298 40123 778 99277
1606 18
70957 22806 70198 14572 16695 443 89988 87052 82204 70712 81083 60313 73298 5223 92791 93400 81745 95307
4626 16
40041 93171 5871 59185 72668 43299 47208 61425 5799 55430 41373 31619 76669 47575 12639 27547
277 12
34354 6961 79628 83791 63745 62924 77996 19971 41221 74597 73690 35741
7299 18
10914 5302 61575 29286 36098 19975 95159 36988 40053 99866 43808 63716 89647 39925 96278 95455 10583 81099
6213 17
63457 77424 10865 13393 29136 94635 72552 46054 82724 63817 51875 9811 29045 95472 58212 40932 82901
2200 12
65165 88829 99833 71186 85916 15714 48075 57766 20587 46567 9436 98647
83 15
28287 31628 96069 41578 72666 13463 65409 73003 68141 43912 83179 85294 80483 17989 20825
8285 13
57228 15191 77979 45320 34260 72167 80043 3807 13554 21592 93030 96181 51240
156 11
13469 15885 65197 1251 54977 73296 20438 46885 42859 47307 36043
3737 16
43158 47737 85327 59688 21489 49181 88312 12565 21407 70424 43515 34756 68991 84845 12217 59149
88 19
92257 9925 71517 64710 83567 26920 13921 16584 30039 87879 95943 28074 15842 42841 8235 85299 83687 16004 96717
8095 16
6228 90214 90909 59218 56953 66163 55875 17722 4572 28981 47435 13218 16669 80424 92161 73611
6760 18
58782 18940 39307 55649 84077 77028 92406 62767 98616 10514 85057 950 1126 76560 44692 65570 55458 52244
6900 13
61143 95188 26881 40778 31425 33507 30226 17678 49873 65779 9796 56122 84837
7700 15
79847 37349 57094 8017 35445 53053 94219 37318 41648 62642 92346 3172 80107 45602 98019
3050 14
7507 17096 20053 89911 80440 31709 57053 55851 41617 50044 77035 63291 14042 20139
7989 14
22925 6800 31099 46874 12877 34694 46347 25304 39418 86559 92114 95793 33147 4181
9833 10
74638 74124 14706 60218 13060 4580 29207 69354 33929 42595
7786 18
17896 28405 35502 53760 15505 38905 39415 79747 49193 95619 54098 25158 1248 58615 76788 98713 41312 30416
3595 16
59998 57515 67415 97225 72845 70023 11418 79753 49154 80829 57715 56445 24801 84348 44229 98097
4277 17
1840 87780 43436 34590 5683 50526 21120 59812 76239 41002 93834 43504 46843 76576 99806 88908 15890
5707 16
77110 55450 94206 64178 76052 46879 82908 45800 24447 88993 1421 29307 52522 69918 49598 10591
5668 11
51313 78751 96666 16157 50980 66577 60769 37264 64684 6203 41952
6588 20
60125 88210 19537 75995 48982 50826 49067 50809 7618 42352 66794 98341 1988 82960 38766 2159 75758 47631 37636 36766
322 13
37233 86071 22915 26229 52127 65870 72500 6746 11553 24630 98762 96607 47789
7801 13
92511 74929 34242 64579 8998 53143 52343 42360 9805 64401 67131 5417 46320
2868 16
97267 93229 13782 28241 26426 62894 50956 82584 77889 13959 58064 64559 74618 68021 16062 97707
7021 16
8126 69638 66024 19902 71524 34954 71094 39880 15673 84776 65056 14586 93967 58903 78444 86633
2863 9
58684 99870 11046 70638 855 51663 30562 19056 72313
5171 20
16578 35832 10543 49129 52278 83485 98516 58294 59834 71222 53013 31258 22050 72825 72316 8111 32968 57161 30835 80163
613 16
29089 45699 1648 27843 58267 66286 64411 58866 58538 62608 30748 3318 53323 6207 23127 98922
1948 15
51547 21221 44912 85158 44627 62011 21302 39560 47299 87494 27621 80843 99273 14595 55184
2244 10
81910 2579 41287 52907 67510 1072 86802 13962 64479 30155
6939 10
51405 22972 62718 51249 35146 99366 84569 87628 31143 84101
2942 13
98932 81564 73004 90045 19722 39100 23015 82493 25245 86813 6497 62440 54930
1642 10
60376 28992 27676 40340 3529 44640 90029 33251 32091 80174
8109 11
66840 10811 75268 5407 34450 31540 23360 42782 59017 36052 52339
4535 18
77091 28322 69520 66425 25667 36600 7516 58582 4879 96236 81877 60973 23752 57008 17603 59703 30949 28816
5225 10
54578 10024 886 62467 81316 75114 15133 14657 31607 93881
9505 12
9010 25253 31978 32170 82550 89049 3604 91610 61376 67620 14852 61134
9279 10
24532 91244 899 8995 76171 83034 9652 44752 89798 7327
4457 14
89928 29127 89588 48851 90672 43625 29944 10762 39188 52833 87383 13166 72866 74825
7438 19
92491 76815 43162 1137 35463 42865 51686 50938 85581 86426 68645 74677 29776 82920 7093 59314 89848 39760 60101
1789 11
69302 77689 77289 39740 97752 84132 88868 30775 79708 20616 13792
7407 15
71967 84012 99915 65910 88573 17054 56070 58136 75113 18397 5091 72956 90246 46170 41471
8488 16
38326 69767 45522 1030 84875 91683 52721 3389 12973 57569 12162 74067 69900 73183 60544 7698
5123 17
68230 22311 31182 94583 73875 87725 4620 44 33095 44326 87570 18712 47057 32289 35623 26371 60536
4374 18
77843 86257 46345 83665 14610 8107 35776 7662 23023 84396 82383 36125 32556 91289 21304 65200 5748 76539
5227 11
47732 7672 83714 81167 46717 62742 40790 93187 33407 74622 25082
992 16
88866 78950 59591 64705 87036 34783 81467 85969 58804 61062 97559 96724 15834 72826 98770 99374
1024 11
32114 24268 22368 4972 52032 38759 61721 82442 58408 68426 20277
9985 18
86708 18118 352 81477 35989 4521 95315 81469 46976 43277 39791 57997 13262 94829 27065 44342 31641 71651
5810 13
78145 7993 28584 21603 78493 86804 63360 61998 92677 51085 74309 74884 81225
6728 11
76421 9028 47126 16925 27811 19904 79260 2719 5308 32846 10055
5272 16
37152 26000 54677 14946 18631 83652 52185 49264 37339 38740 37519 79790 44610 8396 50995 82744
9095 14
75822 3621 72812 18313 37934 86290 12473 93109 49484 14246 17192 86613 92928 20395
2143 12
15678 17145 18889 34395 67372 79592 87144 21511 28330 86761 98833 21501
5811 18
85320 74557 27102 6893 35642 45346 50897 25826 17872 73954 99537 13126 74209 1668 30850 72936 97719 72787
8869 14
50700 62772 27848 25250 9550 52124 53509 38328 82758 61039 49369 87161 13964 36087
1927 14
40567 86437 73243 91736 23592 3347 37925 57500 25473 77772 33481 45031 32340 27236
9548 12
5328 33079 12593 79741 42365 49282 76966 2920 87321 90100 50610 65341
6976 19
81336 89056 92586 97336 11231 2163 56081 92699 97119 69510 89120 74902 32712 66507 34239 26150 80822 64849 33516
410 16
86274 75795 10196 16982 88539 51626 62165 2155 2897 47334 65641 58919 41174 36890 78865 97393
9760 19
54485 74169 31786 22413 10930 70395 18717 17563 37745 13954 88970 24160 79470 74916 36057 55041 88640 14682 91632
2289 13
6301 88669 81894 72860 91682 13474 54643 94761 53198 74449 31475 46784 82760
895 17
44431 33908 71092 17111 45870 41318 83273 56839 45494 18598 55485 18722 21308 37255 85927 58261 66321
9160 10
31683 3972 4618 73769 32719 89403 86929 96777 8302 97387
4297 18
41818 40293 7838 40342 71757 77693 28652 25838 75660 8519 85081 19612 81533 55765 596 50128 35826 5924
8409 15
82810 70955 19868 56398 36205 10599 64630 30021 69191 38887 98392 38604 65606 59291 86197
4592 16
22756 11984 50130 2737 67041 94241 7033 56565 66520 32609 62166 73461 71248 22769 99838 128
7511 14
16503 31358 7833 33910 61640 75046 76480 59683 60278 56141 8434 86698 71537 77109
1420 17
76512 26410 18028 72371 28783 88102 74425 89894 11526 24206 24401 46426 80524 39276 82035 1597 84686
6609 16
26726 22173 78614 73426 64281 69910 20546 84281 76612 40813 8037 44884 34525 91760 17782 6635
4637 17
63609 28299 26142 46712 95262 16353 50684 78679 72198 48895 36055 96659 67409 54237 89342 58115 89102
5830 18
60649 78489 12702 23539 13259 72476 72903 38494 66515 78890 31295 24291 6634 66499 72095 48468 88894 19095
8781 14
71722 86169 37879 83808 81588 17443 909 12847 951 67046 35692 35286 8664 41484
2137 18
70379 37854 56949 23621 64790 14704 44632 36726 75376 26245 46404 93795 56775 75016 88626 23019 70737 16397
3245 12
16918 34803 16529 13640 17762 25424 44312 92454 53768 23154 38197 12848
2394 17
47576 34607 94214 96142 36757 83514 1998 63799 25967 43263 95029 73569 6758 20575 12871 36193 29201
9960 12
54985 19578 87648 72481 90539 10159 62212 81485 72726 6102 51956 64334
3586 13
57227 71835 69041 69328 44102 40780 7837 5869 43105 15365 86665 74127 66498
3525 18
60690 22992 53202 39839 33222 88124 26248 28338 90138 9648 72796 5122 89782 54655 97816 80204 11729 99793
6441 13
69323 78139 89384 2647 32392 48752 68267 88836 85948 74361 34475 25434 72742
3631 11
66266 86143 59251 30548 40965 34949 12851 11774 22869 64207 67343
891 19
5752 87948 33768 39858 68095 74930 64491 67375 77788 69921 44791 76477 88916 2533 10855 6322 25101 61413 79752
7736 14
90159 29918 56439 99773 94907 51154 69643 77480 63164 85917 1616 32385 13898 17270
5635 16
71504 43377 86870 54205 61221 25642 60210 72732 32143 57236 21248 13394 85062 76916 50090 23086
5555 15
43114 26780 15588 5128 48511 40617 72557 77368 44824 52666 43089 53231 21604 3773 88406
6152 14
28053 5991 71306 14160 6747 94538 6315 3713 75597 71362 23049 16806 24180 33034
2901 17
21422 6452 19814 20707 25691 32616 55482 94766 67673 88634 58807 13741 34002 32970 85111 71126 55760
5818 17
55359 1281 66216 84011 40475 91785 98400 34960 59170 32589 35342 70993 6644 14283 10087 51908 72617
3597 16
30212 95110 43268 15572 44464 11413 10118 37962 76133 26650 84345 90342 12667 73670 55285 59146
2708 16
82422 64931 96552 14008 96343 58419 73774 34517 28024 74184 39506 42940 56282 83932 37677 75651
3564 16
77305 1094 59508 5687 67647 85539 22124 50257 92079 62024 73121 83454 90183 82267 61102 45590
6953 16
4460 44169 71259 13413 40597 2391 45821 54548 6931 67642 46259 29728 66523 84887 52169 46501
8795 16
47816 89427 30617 31898 51607 7588 75616 72714 7515 35653 81608 33606 24629 34827 20115 19282
8449 13
14558 20646 45138 28274 80146 8130 1067 63841 79160 6551 88496 150 18333
2385 15
59548 516 31141 69049 96413 49303 81722 64820 18518 34520 88792 40289 80895 93991 89783
4380 17
20565 20263 82752 43103 66833 52213 38621 93492 44273 11324 61185 42963 18963 5229 46072 45042 21474
2222 16
71598 73781 6515 86356 50365 80824 96638 35595 85718 91389 56082 58117 12172 50142 34229 14026
5551 19
82686 16393 42531 49872 40140 25876 2528 46752 53504 96884 2612 12935 42489 29773 99068 69726 35382 61909 30948
555 16
28172 79265 57518 37310 22635 29340 29929 67932 11256 35007 81758 83947 13054 26049 52206 52560
8792 10
20600 70303 38764 54232 9735 6357 22102 89532 19539 64469
3220 16
8620 19603 94160 90438 54555 20613 82464 64952 24106 47995 37185 54061 80587 57394 54112 50392
5285 11
2419 33018 66260 64457 26087 669 31780 84286 39323 17578 83059
7575 16
67566 43509 79454 43121 81317 53525 60496 80057 14517 96630 31529 11851 99998 56723 57733 66420
8283 16
21288 75797 34666 69572 52552 81890 94482 96375 29584 93762 84177 91275 77395 93624 75951 13885
1742 14
94839 14368 17314 33803 31796 57061 84870 56059 80433 41731 94946 49286 55744 58461
1800 11
62554 51532 24025 29997 39404 31341 97417 88329 75484 37546 81760
7026 16
23830 89158 71221 34018 75105 6916 7860 21756 45019 33688 20501 36760 28224 59233 33196 2780
1064 11
33307 63948 30403 51195 55237 58305 25526 519 43738 68709 3696
3871 15
93037 83757 34264 38562 67022 52692 98821 67314 93465 6198 86380 2283 60672 29774 68647
6380 14
96388 80460 22929 80653 55784 80477 62129 43186 64808 94526 87093 39333 20074 90161
8190 14
82179 63055 86973 71534 42732 33263 84964 71017 14996 56899 56861 69522 26622 60097
6893 14
86137 4230 75829 25011 6665 22537 47187 80059 96605 69038 95392 84211 80312 95732
6517 13
94997 68098 54157 30237 48405 15326 21435 96553 69713 56846 99325 82125 47637
710 18
16156 96023 23589 41439 84620 73247 37706 8472 91857 31415 964 9437 6486 32347 36167 93989 42805 9638
1743 19
65475 29366 24269 20821 94296 50750 23004 11480 12591 89597 50948 87627 76602 9692 68503 34912 12481 80002 24247
6979 19
89839 41474 32591 40294 57859 71799 71246 93347 41412 21211 30325 25493 15498 8991 43631 3425 18600 22906 76206
414 19
58203 57632 134 4391 35170 30257 13209 3857 11876 12491 43849 47195 82540 55000 67594 72431 78367 75477 61099
9367 14
49908 90301 10106 32324 43507 82428 36361 23025 31744 69960 94991 55924 65640 19891
918 11
26806 50606 76152 48558 3345 26656 12247 92080 51025 50540 67123
8648 15
33752 80463 5890 5663 61228 31855 85459 81295 22446 92903 41666 55376 40446 25704 15391
8582 13
95124 26310 31680 60342 36499 73331 83989 41460 90971 78272 56004 91550 36362
6902 10
87326 73429 89815 12745 2063 66272 43924 55892 71819 96365
6313 12
93797 31659 43265 78987 82829 28797 67578 11942 40845 71033 55835 87162
7625 14
39690 98958 47819 32089 57240 18098 74305 34769 99362 523 26625 77960 36828 34218
2144 12
7776 62673 39234 65933 40437 18220 2623 37470 36485 59023 83373 8888
8005 19
66483 43568 69565 63014 54867 7518 80374 38757 58998 22715 2171 98798 11769 59779 50403 63729 75201 44049 71358
682 15
6927 88473 47847 32681 57490 93357 90207 68424 33000 75338 67458 3557 84194 97980 44613
5202 16
60356 31782 86155 19273 21096 65496 84690 58369 62898 97824 34541 87187 84619 58381 70761 15311
1394 18
2359 1096 11683 81438 88850 66090 54932 77041 94512 15018 15424 31292 5295 39712 62801 15102 24054 63950
7259 15
28997 72463 70983 5724 14752 76191 32807 65832 25195 44513 28395 76989 40686 40291 28376
6662 14
33638 44556 64323 46197 22401 2576 53378 67410 59662 77505 11990 95718 63706 65002
3091 14
5660 90370 33403 33875 78266 8607 29249 64373 30466 11278 50612 37800 86977 57247
2047 19
31450 16869 65400 85450 16253 81296 28650 75276 7932 37522 5708 956 80520 75223 44463 19298 94556 29083 10296
9294 19
42080 72711 16973 96726 23597 68640 97076 42870 89243 7009 57516 37909 747 37479 48181 54341 87581 33522 57295
7843 19
20265 17796 13585 31208 40070 5667 9698 99266 45791 15016 75591 40884 44404 31352 74467 42817 77573 38684 9526
6915 9
65488 39955 36036 94434 5398 29988 85197 71522 85422
7630 15
2334 70287 37838 23548 58172 82939 86198 64382 60555 92006 1471 79061 20506 7311 47513
667 11
49708 28636 65505 84084 1529 37390 92353 76211 6328 4430 85898
4451 13
76468 73767 90999 35019 9740 82748 90828 68683 79238 44298 27989 86801 18960
1307 16
46815 23465 72959 33850 60016 52535 77218 75297 48817 37105 24787 54991 76167 82495 30185 86902
4742 18
56443 71519 93082 96223 13207 45484 10573 19146 1743 31598 40125 71030 79458 80334 31916 8825 22189 87984
3483 18
90279 42098 11010 87119 51336 82304 72828 94901 87024 94004 37523 30642 18848 91934 88637 38455 69536 1098
2567 15
36475 71812 96810 20741 47761 8448 15997 18612 17752 63381 48742 72348 30691 72801 96368
8624 7
16149 95528 43169 93028 13968 61292 26914
4614 13
4248 59414 38614 92694 6797 80231 11040 96201 44479 89416 90052 32798 76366
5805 13
750 60441 10948 44922 26733 42579 11382 89107 38167 17515 42416 17082 70432
917 10
97211 85545 29121 38274 99771 3449 59516 44084 33126 60729
5624 13
16523 18406 19209 34798 44821 60144 1647 44704 82425 29703 39624 56038 68793
1883 17
54108 67858 93686 55701 8527 46341 87448 93831 57105 43476 34850 35036 87919 18921 97496 12144 41480
9096 10
22767 38478 95825 41134 37455 83646 37806 85824 91376 35543
6977 17
66128 32183 70449 71114 50143 34286 75975 32393 26326 17293 1942 99975 97203 16614 48057 70124 99006
8750 15
51553 34853 38092 58401 56668 88161 7264 49185 83312 87766 32270 92134 9468 31847 62683
498 13
75135 77897 72849 38688 11241 85390 4651 80075 74383 14276 84687 95302 64733
7344 16
77416 66432 90169 12714 8712 77088 22816 26817 10626 61206 3380 91488 46076 36586 81481 65945
9291 20
61965 53569 90997 18754 49163 67203 31620 98661 55315 21108 85620 77294 70367 28135 26874 18872 43178 28222 6043 66701
8056 13
31110 63827 35890 3561 75487 45770 24457 19817 87430 34361 17128 96476 28167
5471 15
65498 60059 92558 62953 69600 90653 31354 54303 85226 64136 70949 24670 67905 14515 44193
3794 9
61049 77809 73939 2033 59590 67482 64506 90603 9590
6492 10
47686 86629 38826 62025 49255 66855 23251 78408 15388 28525
7819 19
47416 71839 88097 42215 89224 58796 8183 21414 86747 20549 60221 53006 39170 32704 86604 1367 37514 85469 58040
9081 15
8893 82682 3001 1161 31591 86117 34619 93266 71966 55774 27930 51304 56624 36605 37630
4011 16
56544 17556 27377 93247 91863 62780 27333 91367 45199 64750 19886 71497 25444 95834 84344 37512
2786 11
15562 29626 88803 99560 7537 38790 72419 55427 25368 27246 34993
3148 13
36813 23400 48541 32967 20102 41864 87563 95340 21022 87166 23660 71769 63389
9582 18
80930 79771 91380 84645 18295 65333 72460 62732 76051 38096 57117 15781 75325 82593 26027 72058 68781 25539
8132 12
85686 44427 83596 60352 63824 7538 87428 72727 92043 16862 79856 27955
696 12
31034 13010 73125 23367 49434 68156 54238 95851 71156 19227 56957 18815
4951 17
60464 83976 54317 60946 17168 17051 47056 80866 4648 94786 99435 84586 9077 81802 97325 58531 79988
6966 11
5047 31074 38473 94353 15390 19073 60597 16670 60828 910 90600
4563 15
4685 90525 60440 77153 89260 9803 34839 77888 72835 57610 13028 33076 98262 23443 50753
4038 12
81515 75852 55901 46822 42184 52765 49080 8676 28298 42005 53368 95365
4660 15
39466 49130 50666 72867 62952 34629 82664 6364 10404 18015 49197 68486 26081 53046 8268
5172 18
51447 57499 78612 52269 6742 17102 52564 57587 40985 22553 863 71104 45727 8430 24432 67828 5955 32583
7044 18
68706 5434 32077 19378 7181 35737 95244 31924 97215 80696 74382 64793 90484 31676 2768 40101 47887 28427
7258 13
13832 49014 79746 73383 53365 66192 83588 79404 9938 80630 33015 60285 51793
6763 16
75245 31959 41581 36512 91995 77733 47378 91707 40343 34547 84762 79299 33409 65348 39160 50338
3515 16
8307 11158 47627 78452 23401 249 82949 84767 55555 18482 8583 7204 22484 50864 32424 24663
983 12
8149 74032 80601 22963 94891 23431 63719 42650 21861 44155 13684 1403
3491 18
83403 16186 36976 24849 92693 52272 84838 24919 87251 81078 49651 52810 19591 751 55230 74566 39672 77477
8522 14
17286 18228 77427 47135 69732 93729 19716 42883 83545 28243 38803 6607 48633 87599
1723 13
34302 40419 93635 73071 78358 74243 8285 12887 87936 33651 33745 95946 70344
7069 18
27194 44616 37184 81575 4897 52947 93345 85412 81860 21644 26031 16123 50545 81377 16197 35160 89369 46676
8390 18
70232 32568 42303 48266 60519 49743 87760 90866 52167 83316 17788 27709 65036 18962 9561 93150 90497 44742
2881 11
13893 25536 80716 96993 5967 17468 76033 43130 90360 92110 20498
1168 17
30282 62748 19358 18339 80615 68517 38444 53642 83412 55040 94911 33938 35846 32721 87332 19266 25875
997 11
24588 7654 16160 19900 83437 588 54125 17065 4179 67812 56307
3719 15
98025 81004 47367 34807 37449 80832 26483 7953 41713 89283 90708 38987 23489 97039 94938
9686 17
12234 58585 1739 19857 67539 67202 98885 18898 4984 65300 92969 3052 66874 89718 91702 29417 65441
490 12
88188 10519 60348 30696 39605 97000 5411 44257 737 53040 24207 104
9108 14
67184 69876 97664 3767 2947 44442 42463 87785 10878 5784 14044 85237 45545 21047
7611 11
53390 47914 18521 77532 38709 31248 30601 72767 71784 11570 56217
5100 16
70299 3203 75251 90513 32501 81289 3095 8513 96189 3664 63229 57302 46790 65914 736 88881
370 17
94177 63098 12080 99380 66522 48966 18799 21353 32684 68900 4267 96575 29325 46210 72080 60985 32555
3341 18
49809 81724 80494 15669 55798 53361 39459 65727 19926 84092 62089 11400 61688 614 42174 61578 30818 94173
1002 16
64128 51557 43863 53213 80553 79194 45978 38278 38792 19564 61038 9968 27661 28160 29363 75761
8839 15
73517 13780 11548 81713 17418 25692 80409 4964 15830 66404 79479 48420 24954 25978 76776
2312 15
13823 98469 91794 81542 59775 68329 28085 36522 85350 71048 13730 57537 96364 94581 52696
5931 14
49252 96836 99511 9728 40080 44063 27522 96216 25042 49678 65322 45909 33896 17093
2848 14
31963 69102 58578 43702 98293 94845 33192 77165 28308 28054 65442 74347 83820 50366
1154 16
76263 89411 4517 21593 38244 68390 33886 22384 93107 44725 33249 45281 78403 13341 36558 10939
3947 12
46971 40480 18930 29341 50385 92530 6863 12650 55870 97418 70178 21316
2652 15
63502 9734 65446 65701 15734 46407 67212 89908 63606 81516 91425 44178 31093 76209 22805
6115 19
63877 83165 74708 46716 63246 1292 68866 8724 77082 28690 31377 25374 87223 30659 20120 15175 37543 61183 7852
5199 12
72226 24051 89258 8094 13176 51606 48212 71326 86582 74423 50438 23097
4977 14
63297 11224 28301 24860 50638 37896 25892 65947 16293 90518 29970 67010 28157 36862
3342 11
72979 65979 39507 52081 84123 4931 49654 44990 9122 9498 96178
6620 19
78397 34407 82787 68616 28426 58252 67639 11610 57799 88319 73468 9849 20893 30693 36538 46322 62730 74278 22378
416 16
27052 96196 71411 80870 58698 61397 57140 78548 10280 82929 19674 84065 97542 348 34561 85782
897 14
3370 89915 44446 35768 30177 90241 31964 6362 43187 92813 64407 13632 85252 71146
2111 14
29311 8110 26952 60105 43759 41618 6653 47961 10258 38453 6578 5996 60359 88323
165 17
77458 56855 28355 37089 6338 82111 76135 81958 78600 57068 71402 78531 77356 91426 33518 88798 29967
6185 16
43886 10957 64503 26521 88182 94908 13777 85140 39140 75533 1550 81670 53631 4259 92901 49168
9423 13
36085 22882 45286 49658 90895 87100 54992 5340 29518 73513 36838 23440 12736
1195 13
9331 14934 67451 34 58034 12925 16525 81708 60713 65784 61163 99673 79555
2585 15
6786 34582 11139 67056 1673 6193 17454 33351 13156 66719 89694 26261 2636 9928 98609
9064 12
53135 11002 26172 48449 27417 75503 50724 59567 14144 63288 67031 97723
7462 14
42276 2181 20559 88593 40006 48573 21703 40274 33266 87495 66035 78618 90555 89794
6129 9
76567 10774 18743 21030 85677 14224 43174 60913 95606
9283 16
50737 61360 32820 23713 12928 69266 91110 64807 66032 81411 54745 92144 52982 6947 32121 9580
3267 16
31347 19951 74437 21116 39327 74502 6432 54747 30344 37906 61801 32751 16456 31974 91120 34595
7404 14
52462 33973 12349 29744 66185 41564 89545 30082 30479 63607 74386 79959 76466 1300
6793 14
5382 79152 6450 33019 42097 67385 11329 35889 19311 77295 93306 57183 28348 17817
221 12
70544 83701 16574 32206 2335 28377 19666 73262 60543 90069 55142 67677
3854 18
2245 69562 55034 6534 36681 23466 80787 84046 23882 76913 94929 20817 92790 32246 28893 28622 27739 34562
6779 16
96152 42236 97360 81514 80698 32041 23458 17379 28854 55496 41851 47812 2282 47364 64426 24773
399 9
36203 59660 55849 58319 86560 72616 44405 92949 16700
9647 17
6639 93830 20992 36874 77077 22523 36307 29392 69201 25354 15121 14951 46419 25514 24037 95318 47109
3318 12
76786 43084 69979 1598 61006 58059 15194 32281 86023 45513 22250 80271
9420 14
70380 34552 26102 59462 49022 85528 55072 58999 54466 41226 75873 23300 93952 5949
3840 13
96164 16237 5334 57288 77180 16075 82945 78316 81718 85873 35383 87178 21985
3944 10
31866 21773 39648 64848 31687 72868 71849 20268 340 45395
8663 9
9850 6134 8726 17711 49876 38608 60655 43539 87246
69 12
61389 68154 51531 84681 24952 65739 92147 5808 11810 61912 52387 35067
7737 15
32276 83212 14995 95552 91654 76706 46327 17918 77702 12538 99172 73796 42927 62385 13038
1037 17
91667 36246 59078 46511 43317 11076 89697 59650 90410 38137 17608 67113 97148 90382 23309 61415 86998
9748 13
60608 84258 4737 27627 44145 99759 42285 43852 31566 22155 38506 16366 66583
4819 9
31965 81331 90984 557 60756 60731 84548 26213 63796
820 16
17999 52153 83119 30251 60338 8452 54419 97361 27479 82097 26664 9376 44633 86250 44370 66360
4194 13
40861 16943 13128 73906 53815 56177 77193 66263 54420 21300 23520 7184 19288
2427 10
2173 42610 20418 28599 69666 93108 43798 20810 90369 88118
6063 20
54575 67622 67848 78200 9552 95598 41516 96428 79788 1266 85987 48962 51504 36058 66962 28199 5828 91877 9218 50947
428 12
53465 53124 51815 59948 15024 70490 57126 32829 57072 72723 82063 7788
2595 18
68600 74434 65394 6211 14294 53077 47277 7402 43589 20237 37988 99774 85163 21527 32210 58789 56102 4574
6698 20
52944 76220 93865 48694 89391 78589 29418 14519 16542 70031 61763 48976 48503 90165 20552 78901 78305 78708 49808 57357
8128 10
27904 98960 25117 78649 19960 19901 260 95115 6491 2429
7833 17
48921 80729 81100 15040 75439 28263 27970 6455 13335 25955 17284 55296 65603 77924 82706 28929 96292
2214 15
71149 64376 37980 9236 69006 25274 21223 59437 36172 59288 88742 94368 69665 75024 51556
3289 13
10448 52384 59597 93301 46612 37342 72724 49749 93236 26706 76704 50625 88478
3246 16
85337 56250 92785 65762 60922 65952 17430 89760 16692 78963 47320 87941 57524 76156 64095 29981
2252 17
94128 20491 48674 68416 43402 5275 98399 61904 98116 45813 45591 37181 14864 12246 28909 54837 75086
993 17
5913 15551 93522 98506 73163 65658 98571 82869 96099 1939 76936 61584 62743 3923 2896 81791 83276
8262 16
14172 60403 34545 38939 48070 11053 30397 4437 78104 98408 55618 48142 77806 54072 95669 13390
6940 15
69993 27468 24199 57710 73925 39870 85883 42102 79244 9446 6553 26739 58983 39164 60078
9265 9
33298 24823 53397 91487 68331 82736 67953 48707 58858
8482 19
70288 96977 78597 73754 63112 35307 81431 79819 10884 67501 37324 61594 84574 47033 48488 80066 56376 15793 16809
319 15
71080 9703 56712 1286 108 55351 75106 65450 13491 29987 61579 12761 3195 30045 2162
2366 14
77114 65455 49331 1973 51078 60684 39807 1659 49368 15075 93864 31925 6938 90125
3623 13
51326 56935 10805 2417 54320 53344 75668 18974 13622 50416 89642 23510 74106
4709 15
47659 2950 48454 95146 2618 5092 99015 23260 21958 22896 56521 83375 32335 17018 99818
9080 15
62283 62624 88381 36678 10837 22636 82772 71727 61045 50566 65491 25423 34134 95328 27874
5849 18
1608 97553 99523 2889 49834 44926 19152 79817 89578 13806 75944 11766 80951 45652 45671 15950 45274 80858
3963 14
2032 40951 9198 77271 14372 46136 44899 40175 5135 8815 85557 84695 86171 38634
3612 9
12164 75570 74097 94125 16598 22854 26970 60652 25134
6212 12
62838 84445 15924 35388 35386 29498 14766 52625 28692 96981 11374 5696
5912 15
15943 77245 7871 88435 63121 99381 14229 56772 17694 36075 35156 13665 55233 96622 4145
3999 13
97302 56661 65489 13657 77440 87352 3733 68419 12382 98584 34483 51204 22678
6025 16
15234 6027 69963 10318 83520 30227 22909 95640 55115 73040 7756 60996 79770 57798 32999 22120
5666 18
99373 64346 99441 57402 15219 98253 35070 37384 43426 7042 81153 84008 59019 57680 99779 61210 78212 16932
3876 15
61517 83254 30773 39365 82329 39322 60734 96222 80512 74294 41615 32338 68830 8714 35264
4364 14
21995 61301 70129 34699 83347 15208 94136 36672 34216 95358 7404 30905 33386 48440
5890 12
45170 21303 87132 51014 54564 2906 38068 86418 6903 59698 74252 21789
2017 15
20243 5622 94563 97604 74179 75426 76967 3036 29367 17264 23740 62087 57327 59125 8443
3764 18
51167 85103 69583 56429 71135 95518 6181 86064 75741 60695 26712 89748 84960 69806 33508 6290 76664 4642
3998 13
30958 50288 19932 94628 4051 57688 71934 88054 97779 64979 89508 91337 53876
5502 12
50235 538 37230 86072 95575 44134 31933 74739 59022 87547 7192 77010
8070 11
2615 39913 66976 81476 14443 56742 59182 96632 45026 28071 52774
657 9
39742 7188 35060 62073 18766 28948 27863 42847 83887
24 19
51615 264 79114 1864 17724 38835 47774 44558 88984 68370 67938 29104 46741 33209 37301 62132 480 77741 46348
7442 12
43972 88066 83475 51910 88608 2411 75666 95694 18588 31144 60742 84007
2440 12
36019 32503 17250 95621 29022 52280 48961 273 51054 38466 44569 95859
2131 16
39127 40821 96117 57250 32293 28303 63610 30118 96149 83882 5323 4950 98680 60033 99241 70660
6468 19
33024 70998 45359 52653 12308 38772 39842 6743 5418 29476 93445 60710 84678 2730 85490 43956 15038 81275 68680
1886 13
23337 32430 90527 69917 99025 18501 24943 27423 56011 77196 19375 76267 16148
6957 14
41944 72670 69907 32686 23121 89883 94880 8280 35443 97950 4446 93239 16211 51669
4919 11
6006 89104 98753 60469 76319 74860 92830 19554 30015 24316 82160
3837 17
77213 22974 98230 52789 9470 81538 27601 62685 1730 64520 91342 77605 89564 48163 64117 76390 25504
4244 14
1428 98942 95376 67531 58855 99840 60551 87992 72117 63067 43397 30522 70088 98588
1959 17
66986 79779 37814 15504 37462 8816 30360 6488 30904 26841 80465 40740 78377 22070 58849 2558 26926
2994 15
30713 8702 63097 79064 92299 18592 89280 10665 42543 28101 50273 61227 95636 43842 48952
6076 14
18577 66935 8076 73316 90393 50101 10124 20059 19881 98737 88709 20161 16963 31939
5966 15
49097 54755 19845 83074 13419 31161 68638 84774 24337 37855 87237 52220 27856 71086 32717
5291 13
84149 34906 61936 57167 59522 76501 70384 38170 28149 56315 90668 14817 65915
9461 12
16352 87580 40413 8414 19856 78587 4073 40090 87140 63315 44422 35751
6236 19
95663 46152 89336 72514 26472 74537 37495 85494 43916 49075 71100 89773 67257 89011 6736 31748 23755 21997 97316
7995 17
76518 7514 78404 25285 77993 19974 95027 30852 72285 28990 47295 5768 64041 55364 74621 38128 96627
3546 9
83879 46983 76616 55898 55536 84271 46114 29226 46370
3566 17
99332 23447 34244 21913 41308 87341 96537 83078 38042 3879 94099 95612 23914 917 82110 36185 45854
9564 14
39193 32607 38194 65091 4400 47827 56167 77329 94564 87438 92259 89514 36491 69604
9508 17
24235 75059 85016 85823 14879 67267 98168 11493 97151 76912 40741 5450 97289 7592 92230 12510 78213
3593 11
34994 54417 67321 86790 4356 93767 97806 43298 25849 63730 56321
3472 12
98875 95870 15701 28175 54738 92424 3501 35120 587 59977 1105 99557
8417 12
15806 34207 5554 54051 69505 48496 29388 59672 90421 91406 52090 52851
5091 16
12683 88734 69124 8330 79615 89906 31388 10382 44496 25414 38037 57384 28866 21570 39856 28304
1978 10
25345 65957 38207 98454 26571 46371 98923 92074 76064 14277
1133 17
89093 48670 67618 35861 41188 21741 20708 87020 41625 20269 4635 80544 23940 84375 23045 24559 28103
8931 16
44975 46470 5681 56908 19568 95780 85129 9389 68618 14462 48430 99045 14270 73278 51296 79669
7914 13
74671 81934 97637 1456 96940 44292 66882 49133 46977 74167 16138 59744 21151
7803 15
49077 44789 74195 77821 64949 29809 15174 22727 4527 37021 12753 84449 27483 37234 54908
2317 14
20878 87402 65696 82056 38890 66434 10806 70890 41224 32673 75328 15438 60074 61382
9263 10
99340 28839 66226 48751 26990 12970 88547 59770 75476 74019
7666 19
57985 21917 59732 69744 10829 83744 71368 43543 72848 62577 23158 64442 4587 74893 67198 35764 12676 6528 7657
1303 10
10712 38393 86784 16140 62938 57796 68932 61669 69822 81156
1500 15
65605 28932 42562 91043 14209 43054 82465 8147 19342 14421 68817 88956 9293 40574 75446
673 18
73053 37068 58881 17215 46508 72520 50079 96349 29444 44256 93437 59134 42583 92933 20178 4694 74144 65306
6547 14
5873 1551 76796 69601 41022 948 17386 70366 69784 82904 65955 75157 33036 35009
9488 18
35734 65239 48457 15888 28230 54925 88831 46060 38918 84273 29148 6478 68383 83841 64962 69093 2066 65138
1464 11
10968 70201 32197 31005 90673 6964 33607 61212 23162 32384 40376
7338 15
53832 84415 35371 4659 41679 32836 22529 44353 12927 60799 26694 67426 44533 42876 33146
4669 14
53493 80104 50155 33474 20140 51957 97651 38851 97200 7570 70364 10928 47499 16777
2760 13
78645 36859 27297 57304 64077 93269 30126 89490 78331 64610 16929 26113 85851
9507 15
47750 61625 22639 76685 37861 426 43700 82357 50520 84733 38469 13243 107 28393 46675
9077 9
19144 19468 25597 97153 46321 8165 27174 33616 74177
7445 10
54006 15917 34472 19351 80365 80625 85554 84320 15716 33977
8998 14
80193 56607 45739 78129 93149 1144 10281 92089 20109 4177 43062 91401 50559 38033
2664 18
52093 54995 84514 69525 70202 65434 57718 47150 73448 47589 80596 57976 96111 73485 91693 60287 30059 39531
7076 11
6424 14181 29780 18364 18119 38997 50088 16937 57314 56881 90988
8254 15
71939 13658 18461 67518 12813 21884 88947 59811 42451 99576 82031 81783 10821 494 31572
6006 11
70357 1566 60527 44847 24682 47446 84040 80012 86144 22513 91153
3293 14
17869 68393 64583 13828 32674 88660 60315 39321 59861 16870 3090 43686 83761 73889
4803 12
38697 93237 88996 10540 42472 64724 82890 31486 4008 88501 81947 54173
2329 12
40712 29778 41841 26570 63990 19110 22363 61537 66853 32615 39794 15360
124 18
24621 24050 73992 27245 14060 85089 95809 42217 1761 15639 22781 50535 14797 90452 15396 72008 98554 59965
5833 17
36749 92834 32656 79243 18789 20500 87141 95441 474 7966 88336 56234 71847 78707 59226 36829 35847
5426 15
72585 5925 19950 48107 28081 75702 80817 89167 72459 51907 8856 55517 80783 45328 94840
8828 11
20517 8643 98048 60793 60340 54634 54746 73633 2725 32078 3074
4463 18
28195 7858 47964 39388 25685 87340 25398 53413 49953 83013 45282 829 32644 79233 90453 93378 33779 47407
242 16
20744 36153 189 19002 23468 395 70018 45438 43269 89742 10942 17280 86949 78106 10820 98978
6850 6
35459 87286 64835 57428 79264 80685
9562 10
90086 17388 24074 78801 6065 43028 73374 54582 66324 82933
2614 10
99384 88518 40388 15457 15353 87271 25308 77377 57051 23991
8587 18
67325 62910 76951 56007 61696 64378 35465 37892 89433 96446 44756 2274 32612 61852 47251 79082 75555 39498
6792 14
29429 7163 18607 71996 28459 74662 5277 3160 52189 2690 37289 56258 60785 17248
4397 18
58227 62566 70596 57816 78149 766 26663 18659 1045 63839 88370 10042 47282 61075 41856 22832 5263 27853
6603 14
97381 72164 55519 4878 52475 78897 14793 33966 32980 33322 63190 91856 29803 59514
8572 17
12537 5616 23157 22464 61981 91093 96767 11908 88489 82427 99978 29877 64529 54514 35534 53430 83108
2923 14
9779 64384 49587 3340 19756 20732 51640 17764 89943 87908 78873 84721 87323 9340
2675 10
61797 82203 76632 50380 27564 928 87522 38806 20321 91568
6875 13
32861 41025 70291 98759 81715 84495 18219 89635 71002 29714 44600 74135 96535
694 10
58055 57748 50489 56320 42094 55401 49859 62376 44731 2487
3216 7
81216 74598 74588 20333 21563 79179 72361
1164 13
99830 97734 12671 8251 20004 42917 29232 99321 72200 73021 62806 13120 73124
3919 10
90734 1184 40245 66590 94347 4461 89941 15819 56056 69802
5437 16
58359 29133 84137 62156 75118 39244 63416 40517 90727 10326 36537 70941 99313 46209 49865 37541
9910 14
27326 43973 29210 63854 93810 46506 66884 30943 59231 76814 32962 65676 36877 77649
8644 14
35464 89846 73627 76680 22724 51062 68386 89898 23452 34877 26767 53074 34444 30861
7406 16
77211 94326 63009 34578 27132 9443 2389 93620 42846 45511 97593 5441 2262 48852 94609 47760
5076 17
53659 5897 95265 84936 71239 31972 58890 86919 88867 54394 6149 69382 91725 61896 10279 86242 4276
6751 11
92329 53100 53945 6353 9499 3186 91002 84948 97696 57764 46146
3470 15
20558 98740 83206 73037 46955 33836 78132 77800 56067 88324 41087 72116 20222 44068 23632
3459 19
1678 87515 77920 8575 57400 24874 17120 22522 25755 87562 75515 71217 55157 65964 10876 12206 53358 28136 97886
1721 17
96680 1328 66601 92021 12941 12706 26762 75648 9681 13436 1271 45900 29998 6368 979 46182 49144
3698 8
91786 32312 64709 68347 32386 8503 29770 24081
7010 13
3374 50049 76342 73618 32844 36326 84419 76992 6527 88013 33506 7866 9494
783 17
41389 593 99401 50900 32306 89896 63943 68715 92020 99706 2958 18165 14838 67862 55062 85759 42106
2959 17
10966 79181 53266 24428 59342 78222 95288 7950 45449 90280 52491 34390 37926 52099 47127 93502 50771
9460 13
2404 22338 72555 66906 87693 87181 10043 94677 3868 19632 60724 27752 43007
1425 11
68541 41816 74273 90989 24556 55771 82434 44715 74693 71125 61665
8751 13
47966 98134 97838 72545 86186 14149 95125 2229 75430 64277 18817 11360 5650
8077 10
18322 90338 73438 49099 550 30705 64675 37071 47031 60222
3591 19
21848 74472 78294 24699 36412 43479 82769 97822 69047 27866 58816 83310 35134 47889 41652 85637 7495 75978 31468
2469 7
60170 1645 27590 87765 57522 67973 87022
8397 19
31210 9817 5590 49023 94061 69177 51866 1354 44684 1579 61890 11572 97489 72996 60563 93644 31618 65404 11403
5857 14
6504 40680 22716 72811 85184 94779 99699 7444 86694 44471 65193 25390 76320 32808
107 12
79550 48205 321 13672 92509 52031 18315 11429 2626 50847 61850 11806
7582 19
37525 88057 33158 82778 1809 91952 74381 20934 48702 16226 47879 84906 57028 62470 21340 29878 47593 69696 77684
2998 13
16572 31009 13822 95424 71448 88364 26160 31381 12141 54540 59790 14986 26729
3205 20
30243 89005 34194 809 54008 48744 20758 78036 40700 96931 71591 56958 69207 76807 69228 42953 82634 72304 84068 67438
2953 18
16549 22626 5542 1125 33749 65556 86686 59967 52164 90514 90341 32942 39674 16562 31856 40676 26084 15777
8260 12
8391 43255 81941 63560 47005 35133 92119 2337 83122 75316 59725 87805
6493 10
18975 82563 75107 88148 56683 17080 80393 92547 95151 24233
6239 17
81944 59596 50373 26885 57560 635 27871 94511 16312 31844 72953 50310 79224 40704 45378 10636 36532
4676 10
11921 19836 52453 48092 44846 32880 59718 12589 52489 51827
7697 19
16256 92944 53055 31717 7199 55316 90059 42257 47377 13320 4912 90621 79512 64738 78094 23596 91280 43619 976
9017 10
91709 14022 5712 19329 26768 60619 43329 91072 80430 42812
3742 19
22010 98741 34927 57230 19787 93305 38617 40542 24138 39609 38515 12235 70768 90056 27890 10046 45008 53473 43408
5604 16
88745 9206 98615 26363 26512 42354 3229 21085 83291 89538 63689 63423 74267 60539 95456 75707
3684 11
36274 81144 64184 52341 13979 50494 66179 38487 15994 75138 65974
5654 17
58774 55252 49319 47669 3479 26060 13720 26456 83268 59164 42559 80070 87670 3565 10907 8560 94010
2293 13
98604 92725 56425 8227 61028 34447 73439 89524 45466 9744 66863 61567 88376
1345 8
52360 31986 88362 82341 91428 94509 23559 51800
4893 12
28005 30989 75560 30105 93129 56984 77511 45773 96674 37160 4774 29853
4278 14
1017 60842 89993 71948 25418 25988 86558 71572 67135 84134 4872 20348 54399 95136
7307 20
7843 62934 57695 94495 48963 69264 22807 83317 75500 86853 89015 9078 2575 80389 98806 60425 22940 67741 82144 1736
9392 13
41583 92031 60152 16853 14097 93839 50804 17618 15826 4218 94867 61886 35946
8394 17
23879 45431 25115 9926 4614 21291 28984 48148 68543 3699 95945 45037 885 37960 76455 92229 62003
3552 16
43720 31819 89918 68779 4127 85967 42 12167 69434 15879 53591 77022 64890 46670 39157 58989
4434 10
52445 95613 26596 90926 66710 22448 54041 50089 90285 61601
2939 17
15294 83578 60020 34818 48044 49061 44832 86735 92297 94255 58811 21792 20079 38351 45175 11719 43139
3580 13
15914 26308 68291 74033 43312 88651 94672 12403 58325 29107 47553 93285 22381
973 13
56535 18062 83999 67173 94639 50798 92793 46139 6862 60779 92156 34780 64268
7294 16
9222 87816 64804 14773 92094 74403 83381 83796 14520 10973 23108 1412 79261 12787 55349 21556
315 16
39638 52372 89170 91951 46715 98934 66669 42486 18077 83875 43258 51781 69686 89555 73896 63807
8591 18
31632 10379 50910 84079 55863 31112 79328 4367 30074 78446 94483 64419 92938 60267 60237 2595 49613 58214
794 8
74291 19230 26937 94453 19740 14396 9991 64596
6743 14
44681 32687 7377 86606 30014 63411 54489 5617 28607 7930 49522 54070 37829 46518
4252 18
73224 19213 86957 72729 62340 26067 73659 92372 73169 87121 48475 58654 6511 28200 41155 69466 51077 34069
4506 14
46480 38358 68459 32001 63107 98349 69560 48250 39993 93152 7121 5368 88297 9268
9849 10
30718 89919 67695 76717 76062 746 60399 35489 22083 63262
4498 16
7132 64072 93709 55528 68430 68350 54017 55725 61790 69116 94147 49324 9013 56630 97018 29571
8061 12
67288 30976 70396 63419 22703 69055 36438 81265 13947 66509 10786 55477
9427 11
22251 39043 23862 33967 82774 4738 49089 46960 51176 49599 27912
7285 11
40018 63576 89313 26738 73564 5389 69891 83724 81492 65547 24772
3726 10
25619 60925 4363 64035 32226 36631 28561 19778 85115 98339
6109 9
19931 1178 71786 93430 25854 12003 61318 39924 89884
4885 11
26796 61518 91933 36063 98602 76879 40999 18196 50091 12033 89674
5209 10
84635 12680 75315 61280 34368 84091 49841 20287 46531 20286
2885 16
37712 5495 12986 70927 43345 28873 20873 68301 36342 72549 68465 16282 94554 69592 44827 38549
6753 11
17726 95822 25050 31197 62914 92348 65388 95414 75348 53068 814
1963 19
36219 41579 47421 21730 53039 77314 41118 27447 85379 41602 65636 60410 41207 70641 6107 95370 61203 33341 36653
6289 9
24167 11857 93353 25275 67445 80833 37646 757 63421
5546 11
3037 13799 3273 13568 4723 88991 46489 16475 9126 21855 85596
5607 17
87884 13976 52916 40859 1577 47916 93808 59715 1237 35592 99744 66512 1411 49891 2953 25977 86135
2075 16
24782 49072 84055 68423 1448 18433 18122 39879 70852 86288 50393 41424 99139 69430 39111 38228
871 15
20914 61630 90507 27474 33691 20631 62292 50882 94721 52377 68576 54053 11116 36114 30799
4975 15
46795 82202 50453 59131 4055 34111 44093 17712 31660 9209 32445 95820 8832 77534 27153
7709 17
99195 24499 69407 9816 71892 58854 6194 78733 23021 56021 67654 91415 53259 88615 70512 80735 37972
3034 16
44302 45572 70245 1035 25349 50059 18416 28057 88522 91869 64024 64825 65198 41881 86482 97841
72 18
78903 86298 89314 46450 48253 11162 4881 4102 54942 91784 59615 12452 17698 60433 38635 16099 63639 52737
3156 15
60921 70022 44433 17659 48445 93278 41314 20300 18056 82727 5883 69169 68184 43827 94725
1616 13
64386 38166 57291 78558 30080 4457 21500 68052 59819 95915 72148 57727 3018
4862 14
39371 52618 17003 65788 85868 33570 38422 42407 58240 54780 57702 31301 79787 53200
438 16
66969 35391 83889 99274 35054 32649 42082 11330 66175 69232 60434 89610 38629 79345 63712 27092
5184 7
81290 86390 20590 64904 16570 50275 49202
3817 16
84587 27449 37798 84939 20117 12370 88142 35154 1970 76056 23889 99112 88456 99407 554 99990
8818 11
42040 70211 39943 2506 95488 294 27965 86782 18827 36626 40659
2854 13
49002 85806 67260 6340 1986 50157 94586 82910 41904 48426 66325 65857 21531
296 17
13112 53679 20885 34006 34131 9523 80421 62489 18247 68972 44461 32470 7083 95246 70315 5286 18353
1331 13
69820 69818 38127 59676 25333 72124 53581 3541 86946 81015 31281 59974 82656
1341 12
80065 41176 31616 24766 16372 94980 469 77322 30802 62345 81938 15484
9787 10
4320 22920 9694 89953 10729 10500 7021 5200 2616 15218
4899 13
80821 62154 9500 92872 86865 85295 27080 48682 29330 73846 74215 65691 41152
3163 18
41984 60958 20642 24492 38375 39621 8824 26781 61612 9937 96248 37797 2141 85243 18068 41173 62759 71380
144 17
17601 68050 19783 36936 74147 66224 51871 82815 81337 5168 98171 431 82951 92868 44290 22337 48185
868 17
71352 20414 52243 47902 44131 17941 98580 50525 50252 89428 42156 55200 38056 19436 48775 26508 4022
4072 12
49199 82737 24964 82192 45975 79313 66899 72640 79547 20232 68899 27998
4810 16
53927 38517 22933 10910 43072 50133 74749 72468 6652 26100 4283 63219 6539 7430 97043 98001
3626 18
48568 12872 88247 93048 35013 43673 83171 93140 18769 64512 71046 51156 97070 36207 60051 44095 71871 47103
324 13
65996 71708 66211 77340 11697 65373 4785 10291 72771 92172 45972 49622 33810
2224 15
51945 41920 90958 50479 21783 995 84004 50268 12718 21346 54079 63440 8599 99336 58266
7175 11
66907 75263 28784 39305 23413 17709 96386 68888 4082 14897 55577
1682 10
21978 71806 3620 15285 53116 78983 30759 64179 4814 67791
3707 15
94335 59239 77984 32128 26731 36584 73730 10101 816 15299 22587 20909 69122 38976 57803
3454 18
61351 98346 52330 32422 4898 19304 7321 79703 31384 65309 65984 65362 84783 19732 34871 9148 65778 68136
521 15
57801 7326 82837 88648 85149 53166 61408 4233 76673 2254 35549 98259 2059 84559 11261
8512 17
90563 84517 61951 50550 31080 48083 71883 73787 10582 84473 53362 93377 95155 17812 14183 86828 24515
7956 16
23650 83790 34990 86621 25103 2365 19498 11082 59305 43098 99270 76310 39793 8361 89710 91358
4164 15
87460 40738 44932 35906 4947 4903 31466 83030 32376 84170 36802 5488 29670 91515 83957
2451 7
45868 54235 48485 67456 82897 45685 12426
9751 16
30671 97787 77396 94983 86798 40731 68269 36902 6374 78043 15698 12414 92385 68977 67431 16176
4472 10
11639 22 68847 77229 24982 44076 74212 96709 6311 13360
3413 9
11789 23259 7166 56065 46956 82597 80404 70750 93981
4381 20
21975 38669 40460 18215 75947 3505 1852 49126 46161 24950 38524 81256 47841 58217 4894 89736 1734 31979 50195 54841
6924 17
71058 52515 21608 74778 914 26289 11872 72342 79063 85194 99091 17326 72444 35243 79444 74130 437
1246 12
30500 51374 25166 98774 54425 80211 20097 93683 11177 80527 90353 4487
3407 16
13860 10902 62572 69065 1747 8722 83592 15630 49376 32395 56627 60096 85147 98202 79535 48469
9200 16
95783 40998 49335 23736 5786 75076 72874 94798 90870 81025 59635 15517 8628 13319 23611 21877
3080 14
81404 69934 20809 17256 74341 87054 3671 64673 78611 40481 6733 31977 54164 1883
7090 10
71745 28481 30731 8248 86108 63136 74670 52946 77435 90273
3164 6
49782 7633 61670 72596 31190 67484
2816 11
10524 45160 73720 28229 14992 81484 55708 1099 43990 48063 89651
963 13
6568 37402 1039 98800 91036 83252 75948 83507 52089 28885 80121 30255 72532
6885 11
17732 85859 63259 5015 92336 82690 55405 57256 37539 6480 66579
4828 17
19797 80928 94398 54907 45350 18825 91838 30359 66981 28147 51609 32776 41459 24202 44288 11114 21408
599 16
65840 77874 84613 56373 86730 12746 11155 89722 2772 70241 78333 95277 91700 23800 87674 87928
2655 19
57456 69053 78284 5767 89725 80016 90550 55319 79903 20397 81355 33581 83632 64957 46808 68865 29910 84924 18033
9733 15
39173 58005 38374 90923 55543 58337 16989 55530 14939 77857 25678 52738 73503 46377 4715
693 13
30884 79029 18233 77061 24973 66704 66038 32671 38587 84908 98204 39490 52967
7374 10
48047 10934 2415 6900 78046 64289 57807 14252 19773 73362
3859 15
13583 30049 53180 84076 67860 90034 40901 67990 61686 22248 50188 51337 24656 76163 17275
2535 15
91013 214 6673 42348 30238 31798 82376 74586 89687 70731 84923 69875 11668 71440 91069
9302 18
44023 23442 31657 39129 22657 15916 24685 46052 20060 6648 16179 8397 83431 85456 43289 85673 38601 35617
840 15
7307 56240 4366 40919 31436 80058 27925 49731 15538 13123 80803 12625 24554 11608 36179
6396 10
71240 28919 80236 68119 14039 49992 16288 67310 53076 72098
2268 14
16134 82754 16826 53492 46685 17071 99746 45035 35862 78188 7877 46809 37530 18519
7512 18
13473 74 35094 60390 32530 8122 90572 88722 64121 25400 64757 45226 2705 76456 76140 50160 93792 63912
6416 18
92349 45119 10158 52550 57172 15413 5425 10699 20964 99308 16620 66830 95684 56390 81253 47968 90005 74318
293 15
89089 32085 1378 30919 15322 88008 35161 19233 74344 52805 98159 66807 87656 46410 23028
1312 14
16507 18935 80561 30730 99615 15350 93741 2571 7271 43599 69652 9898 66243 98272
9724 9
72055 9593 52416 18668 52985 90703 50861 89926 43882
1488 12
24347 5672 94462 22695 39288 94939 1762 80258 32887 97224 14619 37975
2457 9
73007 58821 8334 24780 77001 23508 55480 91283 36987
8008 15
71377 50829 61943 33914 37017 35381 18070 3839 38386 93520 86370 765 47538 78634 69813
2497 14
65230 17597 10644 80191 81091 90565 30941 41298 89009 2357 95546 66535 33888 11387
2830 18
73779 43765 27169 2816 85802 50999 24754 93477 11521 52506 81508 66058 69904 17347 2023 22923 62515 65030
6458 16
36581 99629 71800 40936 45548 50411 64291 74757 440 88372 41931 71307 31697 56485 57474 17378
8388 11
92996 60592 65980 47698 73436 5630 25618 40309 693 70556 97776
6470 16
52430 20950 95501 50052 35795 18006 97803 64147 52709 81962 1076 22269 90831 1969 97384 28558
2515 8
50821 62625 78082 90178 54834 72239 69729 97474
5374 14
33074 40168 84393 50546 61236 86331 3151 82644 73312 10324 91279 75704 68019 91574
8938 18
28573 68994 23977 9839 396 43315 12838 19724 61362 15463 56516 34108 50971 99304 23636 87552 91019 3661
7460 6
7904 50899 57650 74126 27716 38039
58 12
29746 20337 94469 38991 92131 54095 4043 44540 82981 86222 45516 26116
2900 12
63775 64218 51805 28661 71673 15207 47321 5624 8159 314 21725 42158
9103 8
63709 94900 98080 49435 46179 38012 12231 59467
1960 9
15752 64186 67313 63258 35270 71320 30379 90691 13869
7043 16
88365 33162 71566 75671 81624 98556 72034 27507 39966 43947 24775 48884 15875 25777 61378 9879
2778 14
53630 5212 64301 10732 12271 6688 13424 95289 7237 11107 75312 5981 66600 95839
8094 17
60545 45377 71006 23067 93440 20842 1374 78683 94704 78843 1500 73942 34473 30386 98112 35485 44179
9121 13
3819 68412 1629 73610 96643 21867 29530 33357 47310 68074 54691 62026 16144
686 16
69344 36535 49054 7064 58208 14101 7372 7977 44873 73923 1426 20731 37056 9428 33649 99095
5357 13
30926 28226 86311 61566 49688 23666 69433 29070 41159 14299 41964 15395 86499
4275 17
46631 60857 80892 86342 47970 99148 21220 70417 71821 2809 4338 32042 95189 86091 80800 93416 98905
6485 15
76283 21521 11795 11652 97158 49367 26082 99457 32274 85135 67793 86061 81129 95339 67371
9218 11
71906 23172 41448 8590 70639 27311 24201 68963 35538 89612 50339
7120 11
92811 52987 81466 78578 55580 49243 86758 84236 98211 19466 32987
585 14
68035 95338 58239 10728 47000 22158 90553 72114 28778 78187 62068 98225 40085 75655
2590 16
59603 58315 54953 97615 34053 70859 83513 78111 45635 37688 5742 48875 24522 45069 66541 81087
3589 17
55170 87139 24704 29665 83641 57338 46824 48697 73870 38268 37357 50576 69439 46088 14565 62390 66435
5095 13
42635 10740 2442 9341 73565 35594 35743 72588 34202 57603 23429 49580 54888
9266 11
36294 41799 23035 21046 56308 35622 48502 34632 60879 79672 43016
9270 9
69223 94105 25227 4062 2073 96270 50487 15928 13351
8902 15
33301 22675 45112 94621 22065 32830 18407 60157 42818 24014 40132 39516 45574 96807 63862
7974 11
59320 26314 27448 26355 36882 76647 20571 74034 46166 46572 88310
7103 11
6874 68476 7047 141 40541 25461 98000 10082 39268 92580 28219
7319 16
36076 40708 67527 65783 80990 78769 33150 21368 85819 28268 54509 71989 95178 88900 40709 84244
7728 12
86041 73707 70545 65096 56525 95770 58537 29479 26514 17967 71960 56394
9573 7
79675 45212 2480 45598 69101 4039 50136
2046 11
96894 2182 12494 66633 42330 61705 70810 14743 55057 54706 61720
7967 17
87274 43138 30594 96830 20191 59764 76043 71696 70732 85309 40555 81258 81907 82680 3249 58473 48520
2926 13
54429 40328 65807 38518 73405 71063 64459 40243 1535 3508 43807 58374 28810
79 11
5547 20294 15601 95827 81522 68010 9743 3069 34003 17409 92238
2331 12
99421 67429 47495 77431 7728 99841 78051 95845 35191 82730 79548 86018
2837 9
35309 91512 94003 93926 70238 43769 57761 99704 42141
6346 9
67514 84554 86457 33365 53784 80243 30385 31839 39747
2033 8
13695 62691 72839 20920 14254 43155 98917 43420
2746 13
2760 37813 77302 61610 39339 84885 6172 11870 81792 96044 17972 92342 94130
2260 15
93385 53854 49470 1867 42714 97427 40058 21737 95866 87116 65117 32797 69575 31416 29339
7726 16
79952 84050 61424 9587 88213 29087 63936 43404 82992 51359 91734 52019 44524 44950 26720 85737
5956 16
61150 73217 33959 57377 66314 65480 81811 92215 83263 93419 7784 62969 34372 23111 18497 89882
969 11
11375 3560 94144 29407 51351 77890 64681 24281 90538 7644 4938
5161 13
28302 38816 69246 99787 98232 31827 51254 99526 89679 95107 25079 99372 84617
542 12
22135 98687 53334 56865 77058 77627 15560 88830 45750 85408 60895 35954
7217 14
73827 39816 63234 52813 26071 6572 96348 10306 43719 81395 90888 30053 29793 50363
3458 15
16762 18643 59328 99939 16608 74455 45556 92455 20171 67544 62308 62946 12812 36573 11325
9926 18
60582 88696 93284 90990 60362 71798 78372 83446 47992 61502 56215 85636 31119 84581 64989 28125 96756 51440
6278 12
34065 89764 18448 30486 19423 89997 70435 2110 88330 73 44309 46317
2454 14
91258 33461 55180 64341 22755 55412 5707 54708 73068 65010 27956 69991 7775 5994
9992 16
65697 18310 63811 12834 19245 84675 24118 50037 21906 60898 65970 2448 94642 54487 28487 11896
4154 12
2105 3619 50924 26091 32941 51548 66068 1117 59035 63752 35994 89968
8989 19
6476 38628 85112 4882 50402 77555 82394 9571 51990 88693 67915 7459 81799 43675 36103 90827 36422 79068 71547
1985 16
21711 53075 17474 61947 21684 44967 75766 36762 12654 85728 46771 50199 52897 21898 72046 77460
1085 14
63683 27081 21633 88890 77679 53453 18908 98300 11454 84303 95588 80169 61092 62317
3990 9
63985 53970 70157 71273 32383 56710 78870 90998 30526
4645 11
23371 14428 95329 63969 87740 35526 98861 8274 43472 81895 29448
3507 9
1983 45935 78255 90321 39656 49256 12840 28944 38983
3868 15
35657 15235 78867 15483 8246 20585 93556 71860 77797 48204 36551 14853 79373 45565 38492
7702 16
44954 69145 29319 42188 22798 10293 68778 77442 95141 8305 57316 45200 81986 9761 5790 129
1507 13
62551 44935 23003 54791 45804 14531 21198 70437 90475 84089 9953 30098 958
4393 15
37998 77553 23274 45930 83247 45703 7129 95520 61800 34591 90953 56902 96102 1359 28106
1679 11
51344 28976 19995 68538 25432 90049 6282 57066 96725 72933 20174
8912 16
5735 53735 31202 11771 61440 51355 23631 24608 57032 74752 48048 37555 69852 33840 67082 51469
244 18
43784 50970 51630 17087 65886 3219 38566 78929 48079 59760 45461 33480 93849 79996 51324 97936 79153 68514
3526 16
69986 11688 31730 23684 58112 4962 88159 55524 11525 98517 35922 74056 92743 76640 55256 18404
2990 12
1694 86907 18740 19416 91454 21894 92293 59140 96168 91357 55196 29099
3965 8
51842 87327 3106 14839 25041 91966 21025 5330
8360 12
27598 42286 929 77794 14201 94723 77723 44849 95439 62404 3182 89592
9991 14
56716 51502 60665 37 22243 95408 43231 32898 33383 1570 98864 19048 30752 19210
1432 15
44014 43667 71266 696 74840 39239 92158 63003 84417 35888 4996 39998 26297 67751 1554
4988 17
16906 38009 49700 51197 11200 28523 11922 61986 30035 29791 50618 35058 20568 93955 64253 65045 65671
3767 10
1089 78158 48637 85214 34176 32577 88197 30125 81517 63332
1189 14
18505 83259 92432 97821 79407 87032 24042 15220 4207 96492 42713 95218 18054 822
3420 11
37876 67460 57729 3386 52101 56510 92850 11895 55407 64815 51528
3160 16
14750 19824 78975 73631 88412 38815 71437 77376 31169 19600 70843 41216 48341 73909 40135 82813
3042 12
23208 49064 53959 13287 8592 21090 15248 27473 88664 77913 13929 87748
4842 11
51183 1231 76119 25224 65477 33208 97578 1211 9974 4365 52704
7966 16
56677 75659 9878 78202 64564 24211 16955 42956 23469 94502 79914 26860 61359 81350 7252 53645
8363 18
86460 75160 8218 22066 24495 10067 58215 52197 95698 79757 90492 77027 21268 21457 17958 421 13267 12905
9094 16
57019 63761 28875 17127 68487 90170 35256 86300 15487 13876 96695 36772 4512 46268 75717 62949
61 11
83635 30734 22628 26630 270 91850 91434 4280 81777 99911 74641
5510 12
66083 80974 15448 45455 23029 61620 49426 63147 67104 69642 78494 77436
9486 14
25214 29781 29916 88042 144 96171 85828 42294 1142 3667 13021 47863 25217 81616
2269 20
13151 68373 36013 77141 83406 54550 7341 37632 27432 25367 24443 96431 16400 77337 54049 48995 21349 79711 60244 96225
9963 18
54749 66242 13534 51392 11101 74257 13159 43895 55717 32448 23537 34741 1914 27003 99824 3471 35723 47722
9060 16
17460 91847 85768 78524 58438 32288 49125 82115 30539 2832 39421 51498 28418 47744 3631 21954
3654 16
41723 86185 40369 93975 41612 42499 29961 55971 29642 24886 25653 2604 99153 48247 26992 46833
4667 9
89879 60890 10076 55608 13365 17554 90290 77300 13143
6805 18
8175 5852 63182 87313 12103 12320 4740 83178 49444 72651 83935 6252 7080 96088 51279 85071 20240 59020
458 13
48823 30142 31129 56783 97306 52949 43977 80536 11323 50016 28423 45076 62355
7734 15
95387 92277 95683 76638 73853 25989 59922 16254 23806 12479 47672 90738 70372 96541 10068
3218 13
97500 37840 95143 59691 5162 1010 52401 23072 46846 86848 23405 55521 65795
5765 10
68457 4691 88576 21176 54227 37791 89199 15756 6430 86956
1618 17
30016 59773 98289 41190 34808 30245 19733 97250 2216 37148 89628 39408 59552 27330 43601 36 16210
5873 16
51111 71845 49162 80581 64148 25664 72106 31494 34432 30683 68214 76811 97334 11228 45383 26816
9373 17
11392 75104 63585 38801 86777 26149 12790 47709 66104 4743 43687 30136 71619 14100 54309 8685 42278
6349 15
92433 96766 26165 26396 82010 96477 26540 26147 78121 21212 63767 84043 93970 34113 17469
1361 17
2574 24193 8013 66725 49862 245 23315 37985 93481 98455 82665 67742 36891 65315 13303 77140 36320
