5
85 98
9686 19963 10946 24593 19829 13738 12052 19804 11989 14717 16314 10342 8500 21078 13293 10960 20433 19806 8324 6428 6474 20972 20629 7153 6514 20102 15783 7493 9681 7471 6882 6630 12940 25039 9606 8232 7803 19882 14973 8712 18449 16652 11970 16494 14409 8377 12967 9762 8140 11974 20660 18778 6582 13553 24334 10102 6483 9178 19907 21073 9268 8624 17395 12665 10491 8362 17621 39509 17334 8147 8168 9016 8338 21027 19897 13204 11957 8155 18153 13357 8675 10199 8406 19802 8880 18045 20446 8181 11959 15199 15446 12311 7477 19844 19803 19818 6529 9664
27 97
17829 10782 17457 2849 4903 17599 11277 5833 14383 4972 12559 1799 17957 12887 15153 4883 8528 2414 17289 8485 11235 15309 15302 14979 4960 4925 18313 17325 12614 17603 13060 18763 4804 12738 10397 14905 12576 17414 8493 4971 13833 4843 8990 5292 11598 11225 12704 4872 9745 2912 12648 2562 1778 12692 17719 10339 8354 11711 18725 14990 14925 15561 15393 2163 15621 13580 8392 4754 15587 12737 14896 8387 17486 15491 4860 11756 17488 18403 32847 12317 2421 11248 18789 18774 12685 12601 2525 4959 14461 10268 1926 17444 18306 14897 2876 4815 11683
220 92
9668 2723 15911 17924 13396 9569 10738 16005 15631 16060 4498 14801 10776 13880 177 15925 14704 10683 16417 15541 11775 11645 12279 12280 15984 13236 16020 238 11678 14795 16368 13226 15187 13582 16407 9630 10804 14462 14720 9725 10072 12912 9921 11447 15546 10101 14501 11215 15108 10748 12293 11693 12855 3321 11418 15974 15926 16997 11240 10891 15893 16395 15850 16068 16033 3442 10823 38874 14464 13279 9421 15888 15876 16014 11428 16219 12064 16298 13195 15052 14458 15400 15445 16027 13377 14243 15891 12153 12274 11553 12916 11438
273 91
11717 1417 11472 900 2385 315 2448 2699 11184 901 11745 2387 5984 2428 418 9443 11322 741 11396 9843 6007 11105 10287 4089 10532 10872 4346 9422 9771 5886 10446 2361 10242 3165 4364 892 797 5050 2449 853 5057 769 2396 3826 11086 2374 5685 10388 9830 10282 3772 11206 4541 40184 10747 10541 11704 11814 3331 3178 10053 2427 1142 9913 2842 4406 884 980 848 10759 10798 2380 10425 2398 5708 2356 469 23951 4409 4363 6147 9829 3152 10310 11741 2481 9509 1139 2359 58 9533
29 40
8515 3270 5136 6807 10273 13974 5390 47557 8287 8064 5194 6809 5593 10719 11792 4431 10122 4074 10392 8660 6776 11835 7901 7410 5036 5158 4913 5243 3177 8435 7911 3427 5477 4657 9926 3944 11293 4935 6491 9869
