933
8384 20
29310 76168 27699 71023 79781 90223 84313 24067 67329 15212 84933 67804 45614 54344 4986 37923 69826 34713 81966 89482
4618 17
5242 12430 78103 62124 78319 44069 49356 18713 73190 39285 56330 63734 86718 97876 74901 99623 95468
8181 19
82963 39996 15098 76450 45999 80560 83126 49564 56979 34337 7259 52171 23141 74272 59532 29408 37489 56597 40430
6897 19
56907 95402 83304 28038 71074 14860 10856 3932 87937 54263 6564 43423 14925 48793 75602 16476 73295 54084 37550
1864 14
30623 34568 78112 35086 80808 46864 18625 94551 54703 96511 52248 22717 43957 33943
4758 19
41803 61417 26076 4552 94218 63986 71749 2686 74497 91216 47525 54287 2051 92408 33654 24709 23928 99010 84347
7819 20
47416 71839 45905 88097 42215 89224 58796 8183 21414 86747 20549 60221 53006 39170 32704 86604 1367 37514 85469 58040
2998 19
3616 16572 31009 41318 13822 95424 71448 88364 26160 31381 12141 94677 54540 1070 42006 59790 14986 26729 87616
1161 11
41509 24904 17614 57095 31630 50715 45754 83258 35684 47289 6615
2705 19
2852 92883 97524 62448 11947 74749 11972 67267 71973 15115 74344 60232 30196 39744 9652 38713 16779 13044 68061
3907 11
14146 45631 92245 99279 42943 25060 34950 58981 27219 33825 39237
4705 17
37941 9691 19051 51664 92431 71928 26982 33664 24661 95102 66365 29112 15961 28939 58350 46654 27498
8696 20
35619 45104 44776 86267 17085 89554 3876 87902 38304 24855 77630 82092 78115 2284 82577 94634 66416 42488 5076 65791
4871 20
920 12492 79041 29616 52743 42134 10014 2030 11543 55914 58146 68337 17652 50357 83073 98377 18945 17164 66996 72701
5523 19
74547 82572 20012 37009 89131 33580 80571 36834 40020 44354 48363 65454 67081 31078 64293 17531 95018 31675 18711
8149 10
16863 79950 87508 71560 59349 39297 11281 46288 42728 88199
5687 18
57895 80350 56915 24711 77519 93903 11163 16767 99532 26971 12006 1309 71188 20019 40386 82885 17174 64527
3094 11
62188 10417 96483 41836 91141 19811 94442 70804 72753 26457 4876
8738 17
34438 20614 68221 1081 46844 42857 89237 2052 92795 33701 88550 485 69069 47390 10840 36519 41936
8617 14
27336 12078 70208 80572 65001 89450 56222 27070 53656 58113 96366 24555 73616 62826
1201 20
78818 16196 58677 48464 28933 91106 33588 99331 63192 4850 34078 8851 93111 8585 6471 84256 26759 66837 33482 99899
1023 15
9084 51587 94739 10828 85591 97098 27354 97587 89160 61112 55186 83452 99039 43370 30515
7175 12
66907 75263 28784 39305 23413 28230 17709 96386 68888 4082 14897 55577
6241 18
40462 36531 42960 25240 54471 21600 74814 40351 66575 48146 12416 61451 13562 66639 98014 31889 86442 88617
6063 20
54575 67622 67848 78200 9552 95598 41516 96428 79788 1266 85987 48962 51504 36058 66962 28199 5828 91877 9218 50947
5857 16
6504 40680 22716 72811 85184 94779 99699 7444 67607 86694 44471 65193 25390 58643 76320 32808
1949 20
24096 18968 82966 71256 98832 52845 2883 63589 5658 7767 96757 99572 99686 77607 75188 21318 29512 46254 41367 1416
1966 17
96754 69105 79121 32503 89946 22877 83505 51362 78308 57809 14222 83275 18759 44201 8523 42289 60672
6338 18
99700 12190 60792 87196 95615 14542 90076 24605 84191 50679 68607 73241 28228 45550 97460 85867 3993 87956
4074 20
2184 22232 75565 60749 95481 92803 66165 33235 7282 15039 47160 87003 95431 39999 40629 87243 71391 99133 31062 87114
2006 13
94498 96323 16873 36998 3964 20664 88446 79411 27157 42790 96719 75657 42447
9027 15
30917 80014 57018 65839 672 33279 66363 7339 7881 32154 87363 96865 58873 65327 16771
7839 19
53652 80364 56161 24635 33866 99122 60653 74508 26812 94038 16484 25222 33645 66130 4628 13704 25682 99997 67734
3953 18
5704 78057 66720 51407 54495 88667 95826 11603 32155 95955 64015 64680 38261 15550 80813 28280 19290 8169
6441 16
69323 30909 78139 89384 5683 2647 32392 48752 68267 9868 88836 85948 74361 34475 25434 72742
1989 13
61260 79182 39893 85142 89037 24761 80644 60870 97175 51836 64154 53033 70849
4193 11
82470 16068 8596 29869 52011 58278 97482 99564 34675 49397 24403
2440 11
36019 17250 95621 29022 52280 48961 273 51054 38466 44569 95859
5604 20
88745 9206 98615 83808 9978 26363 26512 42354 3229 21085 83291 89538 19539 63689 63423 74267 60539 98019 95456 75707
479 13
65438 31568 15780 13011 90023 95650 70053 77731 9176 95716 4191 98692 15992
3428 20
612 47401 28439 69864 36727 51354 44929 88298 49856 97430 49358 71379 56796 53296 25787 94797 87468 63123 39161 61709
7841 19
53855 51679 13603 47100 18316 24318 59880 91832 29602 29245 38953 73346 48987 34294 17413 32406 72893 40280 92195
9239 18
78515 97260 73807 24764 6754 95095 65093 12123 35547 75646 55016 34855 86429 6812 93009 52478 56230 25718
3134 20
34939 78031 35068 85767 57795 66699 51206 85527 76660 34373 24736 76719 79014 48041 56152 55714 49408 67351 57609 96407
8917 14
32911 3456 38007 42526 18745 65614 10177 14901 40941 61097 22365 60134 39083 6604
2083 17
43959 28876 56498 97508 84604 53733 26477 80056 96779 65569 51378 52968 97194 39658 74775 49598 58500
7021 16
8126 69638 66024 19902 71524 34954 71094 39880 15673 84776 65056 14586 93967 58903 78444 86633
2380 12
11146 42369 37395 29106 12664 65802 90457 11550 83028 6118 96137 75099
1760 10
5901 39132 49620 14830 22422 40929 58487 82880 46805 28953
18 14
52395 75224 35169 98878 80302 64396 52255 56601 55842 73308 69057 29586 74997 74125
2257 11
37279 92596 8041 97877 53545 49709 35380 24086 83071 26567 44184
794 10
74291 19230 26937 19564 94453 81411 19740 14396 9991 64596
8434 19
55689 14946 12511 53582 92130 54956 40677 70701 26163 53482 28374 61200 30601 29037 11842 84341 27251 45588 39428
8314 12
56962 8642 63791 26183 3608 2974 49592 15104 41770 68776 41045 13404
627 20
74570 6016 49106 41993 94802 39432 20137 76493 13907 46427 61874 92874 60226 60962 18989 17668 47618 75802 52170 38799
5789 17
54566 87405 50132 13429 62416 347 78124 30447 69491 15119 16737 31614 89758 61402 34964 5401 97026
2754 18
98693 4700 71756 52108 65435 63882 64367 86571 64840 60594 64036 51675 69218 81834 65303 35310 70011 47424
8490 14
12447 70466 48919 72199 50163 75442 52199 82276 6067 6575 74268 5462 1738 11887
9100 16
40503 79050 41747 67500 72373 1905 11852 59863 53450 58793 26345 14179 24333 48829 6610 28665
9255 14
80757 17705 54473 12490 14871 40739 1875 29485 19731 33025 69499 87929 10121 82545
8530 19
11503 81373 87719 5892 26138 59089 88957 32631 2304 20859 16064 42760 19448 98024 99723 22968 96213 27044 82458
1967 15
43927 40905 58156 8369 33135 86026 92869 11981 43534 5236 44470 26335 73638 40595 82135
3940 17
86701 97083 95469 46368 21728 93821 58153 81194 49524 31355 99161 82599 37621 30845 15831 13590 94706
7791 18
23942 27113 54133 35109 83007 41427 75810 87331 49959 81321 87958 48237 26638 84014 32187 91641 81874 93181
2137 20
70379 37854 56949 23621 64790 14704 4572 44632 36726 75376 26245 46404 93795 56775 24477 75016 88626 23019 70737 16397
9985 19
5474 86708 18118 352 81477 35989 4521 95315 81469 46976 43277 39791 57997 13262 94829 27065 44342 31641 71651
177 17
56212 95196 74013 79625 32108 58466 68856 24856 38787 859 58838 63728 41033 86060 56541 45612 722
9447 20
38493 70663 38593 673 76262 410 89681 38320 34612 76725 33653 90735 98621 61857 42871 20351 83518 38150 14339 63821
7505 12
57552 68357 67902 41195 11782 26447 37790 30327 35073 14061 52704 56146
5818 19
55359 1281 66216 84011 40475 91785 98400 34960 59170 32589 35342 70993 6644 20394 14283 10087 51908 72617 63941
8417 14
15806 34207 5554 54051 95160 69505 48496 29388 59672 84194 90421 91406 52090 52851
1068 13
33363 71841 54924 3180 82480 43056 51243 37593 54784 94162 13243 58139 4131
8691 19
48126 46058 1012 33992 55052 80049 35565 87419 18437 15480 78477 20152 50247 78715 29434 85175 15371 11153 59290
7989 14
22925 6800 31099 46874 12877 34694 46347 25304 39418 86559 92114 95793 33147 4181
6772 13
95671 19919 86445 24112 75938 62509 23500 45113 88834 90050 95512 46842 68161
7327 17
97546 91198 10089 2444 91892 66385 50738 80916 62968 5377 72011 85856 7209 89861 69788 23059 56397
2732 14
98643 96872 34513 60437 17453 48868 58308 55683 61549 12612 45352 30026 16158 32601
8283 17
21288 75797 34666 69572 52552 81890 94482 96375 29584 93762 84177 91275 77395 778 93624 75951 13885
5707 17
77110 55450 94206 85162 73003 64178 76052 46879 82908 45800 24447 88993 1421 29307 52522 69918 10591
1634 15
75776 5282 2981 36241 90605 69902 34392 18305 15323 87092 24468 48779 774 57740 42058
613 17
29089 45699 1648 27843 58267 35584 66286 64411 58866 58538 62608 30748 3318 53323 6207 23127 98922
322 14
37233 86071 41345 22915 26229 52127 65870 72500 6746 11553 24630 98762 96607 47789
8050 17
68239 93694 18693 42059 37194 39647 50751 70363 63540 12728 813 24179 36105 88971 63265 3975 78373
198 13
36870 79943 3333 11316 19029 46140 9872 42091 40934 37953 86139 64023 38878
6049 18
16636 20528 81000 96610 13056 11303 16929 15390 20985 97747 7587 79912 95820 56957 83019 75226 83557 41202
6900 15
70957 61143 95188 26881 90465 40778 31425 33507 30226 17678 49873 65779 9796 56122 84837
6871 20
40071 599 47629 87851 67662 31515 12282 59306 42836 75548 36149 80127 74615 74736 16615 59246 66013 21581 39044 13601
587 12
95174 14665 73207 55872 43069 53810 56129 5159 79343 80208 89899 9451
7179 18
58721 36250 2258 68807 46987 41750 35544 38619 22200 37668 45570 53577 47013 95940 22705 64217 59713 41291
1737 18
11483 75184 75599 7055 24216 38352 41108 1912 35667 75169 18610 63090 10209 39513 96574 74518 28258 7610
7305 11
23444 89141 17735 27769 569 31000 71052 41276 95997 16103 80227
5348 19
2519 30289 22038 37958 21795 43951 27669 16521 30371 60666 44592 63951 6144 42335 75228 92159 70428 9820 44219
526 14
87714 67485 29292 2504 33586 16110 98157 9200 69570 54307 62761 16735 33981 1491
4626 16
40041 93171 5871 59185 72668 43299 47208 61425 5799 55430 41373 31619 76669 47575 12639 27547
8758 17
13373 66675 45583 57507 17985 77120 18403 74958 51760 95727 5445 88026 60299 49244 24925 68057 36492
906 12
60103 28069 51287 44052 11604 24241 36627 87150 2770 75208 73612 46263
9367 15
49908 90301 10106 32324 43507 82428 36361 49525 23025 31744 69960 94991 55924 65640 19891
8137 14
92511 79951 61271 99971 93445 50711 57208 45335 17341 4070 17619 56364 23685 376
53 11
19871 45897 2478 60488 1061 70968 67042 56156 61098 42293 27198
9829 18
56041 83501 86822 88487 64120 77453 20136 75869 3990 47730 21391 97558 32779 67231 11205 47315 51779 70861
7956 16
23650 83790 34990 86621 25103 2365 19498 11082 59305 43098 99270 76310 39793 8361 89710 91358
9577 20
39698 5681 2887 83169 49745 82330 77890 35161 47865 67762 22691 61011 47131 83488 70471 93253 25852 21792 32744 81441
7746 11
59907 45144 4100 56815 24363 24492 54403 45429 99364 60219 97759
4813 20
53605 80961 33887 79227 94508 92336 33141 80938 1619 4381 44893 81110 48889 56513 40613 80023 46409 61968 4925 70504
122 9
89613 22078 37843 98090 47800 78834 12344 13385 55902
8519 18
82029 3815 5406 76034 15364 72958 32655 68342 45773 21247 12015 82842 28883 35301 42595 90641 69270 85292
9092 14
27133 70866 56179 39395 52279 14736 59636 33002 43902 83350 4727 61446 50047 14305
7104 16
6640 86511 88759 92978 52594 14464 87687 2984 50761 80549 31313 13281 61556 72320 71194 26014
5263 17
73291 34601 15260 64389 38744 35600 83457 36344 21385 805 41725 37405 63602 32725 78398 27573 90365
1351 11
89302 21165 47154 31055 36187 28930 19843 91501 59813 2942 36129
7984 19
44930 27980 57104 6981 7690 38861 57279 91557 40900 55615 78896 88120 97991 96995 83098 98660 59248 60574 56008
650 14
88226 4701 26135 68353 59551 78483 50898 68345 60100 18275 44740 61008 33694 78383
661 20
48941 87312 32402 83190 46618 77606 50977 25973 15297 26557 49350 31489 55860 41272 44823 15973 86001 9112 5110 66405
4614 13
4248 59414 38614 92694 6797 80231 11040 96201 44479 89416 90052 32798 76366
5551 20
2017 82686 16393 42531 49872 40140 25876 2528 46752 53504 96884 2612 12935 42489 29773 99068 69726 35382 61909 30948
3467 11
28997 56363 90590 36992 89685 4713 48225 35798 78552 8128 7214
5 16
48874 90613 30091 70553 47081 98759 14459 86009 31929 83777 62891 41431 34776 32713 85820 69906
7731 18
74564 70586 71930 54980 31608 22107 6507 32855 36559 30295 4279 72130 52336 19993 53230 3217 89097 63158
4398 16
29918 91995 59630 92429 75088 79383 6175 65777 59341 72267 1839 29501 58223 37258 81038 68863
7937 20
32944 58431 7517 48614 78805 4329 81827 13847 48712 50105 34861 92731 97092 79984 74379 3015 12807 3518 12068 62239
2786 14
37310 15562 29626 88803 99560 10714 7537 53376 38790 72419 55427 25368 27246 34993
9772 15
45682 10161 77264 41179 10639 18994 71956 39849 1331 12919 34725 70656 95372 90925 63725
7281 18
4425 53518 35664 83800 8971 33026 20628 12771 39968 64213 88047 87511 27077 15340 74003 3009 92440 26693
7624 11
36908 74820 49741 45974 48802 40917 27731 67049 6321 90492 660
1659 14
6279 53843 75181 66551 60276 19804 50300 56181 17025 42808 55938 76475 35568 43695
8728 18
71936 35203 33260 69082 65433 50050 87702 32405 56671 10134 74374 73194 74978 35881 72584 18116 81479 15654
1559 13
48838 83093 90715 51878 52328 13735 44809 57844 91615 49428 21448 94008 32310
520 12
24213 81727 63571 13982 61116 41348 19502 13745 90702 22444 34091 110
6550 19
94970 97138 10051 35700 31067 49892 65313 11530 97857 7958 93066 63103 12759 33058 80912 57286 85050 57527 16395
5804 17
94485 99751 90819 91571 51893 4467 68128 41712 8105 22763 48473 62136 8102 62289 5917 30618 34521
3148 15
36813 23400 48541 32967 20102 41864 87563 95340 21022 69943 87166 23660 47631 71769 63389
6793 15
5382 74394 79152 6450 33019 42097 67385 11329 35889 19311 77295 93306 57183 28348 17817
9855 20
60258 74200 83257 45533 55738 34698 84226 89198 14014 94033 64392 21342 79077 31629 2999 56073 18568 51479 24583 69233
8279 11
63029 73237 11213 96414 98543 32039 43322 79437 63624 82502 24737
2722 15
22626 30535 63545 91360 58239 98911 89796 75712 85352 91586 72772 2495 75932 68648 63596
9316 15
5807 70147 99852 47309 82906 37623 47249 75727 83085 33100 78016 42636 19434 85069 23358
1653 18
37098 38343 94606 23427 57035 29400 96842 94978 91818 93600 28095 28629 53375 28621 32573 13447 98634 85842
5345 19
860 89116 97852 15602 94530 98257 32964 24450 62392 72349 11138 17624 31374 36536 95436 90912 13629 30131 56301
664 10
5931 82544 97843 73122 53792 55136 8756 63781 19978 46568
4592 16
22756 11984 50130 2737 67041 94241 7033 56565 66520 32609 62166 73461 71248 22769 99838 128
349 19
83215 64201 17897 92378 45706 49971 10212 55168 56492 71808 20469 87536 18167 97265 39545 59352 73350 99807 34171
8791 19
77912 7524 86695 7772 91907 68515 10195 70762 32205 58323 55805 40812 99958 73654 5851 95022 67079 27407 89708
1476 17
47921 36162 67602 57158 72019 80283 96318 81097 86219 75901 67690 71712 97603 1961 97715 19419 62389
2848 14
31963 69102 58578 43702 98293 94845 33192 77165 28308 28054 65442 74347 83820 50366
5254 17
86005 19128 12758 7143 3033 77475 56441 56823 36272 41281 16734 28576 54325 56542 37471 14429 76406
8887 18
19827 12560 89506 96383 42539 41297 74971 45450 67211 80223 73556 63045 69321 26988 19482 50060 87881 6956
7363 9
40816 91931 47600 15437 30267 41293 16559 2912 80638
4439 17
6785 40174 54368 72389 91600 10386 75771 75100 20796 13903 11204 24579 65954 42593 99588 30114 9881
1448 14
89811 53233 91418 45379 95566 14370 97191 46160 88725 92889 88507 45990 61385 52876
2919 18
66105 2194 92778 54171 36953 45296 26334 37464 81202 22402 832 36354 22673 86866 41339 35907 43217 43173
3967 14
45867 5029 98150 3934 81836 65345 82439 78523 89256 37267 16002 78743 37839 9551
3124 14
99244 31431 99456 1683 57835 79809 42065 11593 4303 89360 88888 45851 24803 7441
585 14
68035 95338 10728 47000 7897 22158 90553 72114 28778 78187 62068 98225 40085 75655
6213 17
63457 77424 10865 13393 29136 94635 72552 46054 82724 63817 51875 9811 29045 95472 58212 40932 82901
5134 13
91032 93992 97031 78271 73307 68890 41570 6727 98153 79664 97582 10421 62796
2111 14
29311 8110 26952 60105 43759 41618 6653 47961 10258 38453 6578 5996 60359 88323
2297 16
32352 98491 19238 67018 61759 74118 54343 20451 72402 48161 5511 6718 42504 70960 26037 34902
5810 13
78145 7993 28584 21603 78493 86804 63360 61998 92677 51085 74309 74884 81225
8644 15
35464 89846 73627 76680 22724 51062 68386 89898 23452 34877 87213 26767 53074 34444 30861
8628 15
92518 10086 58598 90841 31738 19720 47784 78777 44180 72673 70325 25297 63623 15373 34688
973 14
91042 56535 18062 83999 67173 94639 50798 92793 46139 6862 60779 92156 34780 64268
9724 10
72055 9593 52416 18668 24199 52985 90703 50861 89926 43882
1349 19
28366 22375 94002 45850 11511 19353 74174 82237 75381 17539 56202 42110 32056 50069 8164 86640 63894 44508 75694
7709 17
99195 24499 69407 9816 71892 58854 6194 78733 23021 56021 67654 91415 53259 88615 70512 80735 37972
6852 10
64222 68944 96508 29893 93050 45716 39965 45409 43318 25155
8981 9
73258 36381 15079 52999 53912 87611 89217 68881 92873
9610 16
26024 15889 72458 10310 80133 73708 51124 99410 59639 7226 82028 46899 81281 94445 8256 61799
3406 19
39556 22649 28551 67680 2525 55139 82917 53507 3749 37390 86556 77535 82683 84299 66604 2838 36740 33196 91345
3212 16
88095 84954 4550 17702 36599 75898 15474 26592 29924 98398 9199 703 85403 17078 55051 44512
1348 16
19371 53262 13098 39422 58518 6111 27379 41574 65834 10838 56091 90943 73329 9142 55706 81953
1550 16
68279 46278 27391 39689 95024 9830 53781 76247 33528 55633 96794 40400 94711 18735 3571 38858
2541 18
23352 96147 57554 79040 25662 73929 12444 32094 41831 12038 54239 98796 43459 29965 19302 59039 14967 5197
2415 15
17257 74055 95638 94287 27490 83554 4557 80257 17962 42484 53402 36089 45738 86608 46548
2652 16
63502 48851 9734 65446 65701 15734 46407 67212 89908 63606 81516 91425 44178 31093 76209 22805
7575 16
67566 43509 79454 43121 81317 53525 60496 80057 14517 96630 31529 11851 99998 56723 57733 66420
5761 18
90886 19707 82127 82537 22202 13204 17367 70757 59747 7101 77951 51586 90546 9465 83633 49440 58848 84117
6313 12
93797 31659 43265 78987 82829 28797 67578 11942 40845 71033 55835 87162
6588 19
60125 88210 19537 75995 48982 50826 49067 50809 7618 42352 66794 98341 1988 82960 38766 2159 75758 37636 36766
3679 17
43919 30290 53944 77953 73279 33897 32628 49586 15648 91484 54193 20209 39446 8895 23169 73820 64846
5724 19
83428 63547 24578 72830 21401 8025 43701 12844 3319 16663 13122 89956 53478 4331 91251 9003 93722 19536 64761
8260 12
8391 43255 81941 63560 47005 35133 92119 2337 83122 75316 59725 87805
1800 12
62554 51532 24025 29997 39404 31341 97417 88329 62440 75484 37546 81760
1045 20
17105 25087 20595 95978 77344 63622 90560 21886 41485 54028 20566 44114 43439 87873 56316 91949 29992 39892 38313 49560
8429 19
85646 23975 78313 31461 89881 57694 90302 89449 78878 63330 51622 22533 62183 49799 46195 32858 28795 99216 33232
61 14
26401 83635 10448 30734 22628 26630 270 91850 91434 4280 81777 99911 74641 38128
7010 13
3374 50049 76342 73618 32844 36326 84419 76992 6527 88013 33506 7866 9494
6109 9
19931 1178 71786 93430 25854 12003 61318 39924 89884
7360 9
11512 42389 26904 50678 48561 23450 99682 33085 93449
5357 15
30926 28226 86311 61566 49688 23666 61616 69433 2897 29070 41159 14299 41964 15395 86499
2610 19
1382 65479 61304 49113 77032 48043 39325 89240 66708 4174 7820 74761 53356 30494 52297 11071 10458 48745 71113
9128 16
26264 20291 77778 14032 6199 22056 76510 59735 41170 48531 90595 43449 6763 88368 76763 66290
5558 17
81428 23092 84504 85980 52752 80896 57283 98107 43492 55631 73892 25135 79856 489 13453 69716 8906
2557 13
64183 57927 36464 41614 88848 88147 37269 11910 82808 12946 36888 71911 72443
2469 9
60170 1645 27590 87765 57522 9735 44522 67973 87022
4709 15
47659 2950 48454 95146 2618 5092 99015 23260 21958 22896 56521 83375 32335 17018 99818
2504 16
449 22770 34013 53082 33155 70525 86931 83227 56410 7223 95592 370 67989 48916 58878 24035
8505 18
51950 91543 75626 82264 70781 63958 99498 40259 80284 10869 86182 35399 62215 4848 44883 68405 68816 53693
5002 10
31469 26815 79017 56284 79583 4951 10707 62072 18834 62394
2942 14
98932 81564 73004 90045 69898 19722 39100 23015 82493 25245 86813 6497 54930 5417
752 16
12133 28446 16350 55619 93744 18064 61302 70551 31700 72792 39254 94303 81483 26416 43031 91548
111 13
70445 1692 38153 55457 20320 15253 61427 1559 40466 79430 45472 8792 78382
92 10
73669 87154 33545 20672 9131 37274 57354 42710 23932 76538
7491 18
32661 60681 24104 14389 29611 21049 39743 67568 89044 70505 75423 25513 39338 6316 43424 48935 8221 69142
2143 12
15678 17145 18889 34395 67372 79592 87144 21511 28330 86761 98833 21501
3981 14
34633 47001 29189 15513 11556 21890 16378 53195 24824 8408 29157 4900 51948 28564
5023 18
71227 57179 42712 75447 66078 8667 54788 85676 13803 72850 31201 82184 73933 50887 5825 90649 87136 44869
1679 14
51344 28976 19995 68538 25432 90049 91367 6282 57066 96725 77193 89694 72933 20174
1195 13
9331 14934 67451 34 58034 12925 16525 81708 60713 65784 61163 99673 79555
6644 19
89990 62465 5281 47332 52990 87633 79918 60249 35676 34217 91504 2164 10816 32722 59710 43182 39066 67532 73905
6826 14
44766 75337 52131 41184 46958 6581 98963 56931 18798 49952 35453 17486 31516 45341
4320 18
22018 18150 77437 64836 72292 33109 38599 830 69719 23979 62707 6675 89483 1680 61953 42132 48582 15289
3919 11
90734 1184 21917 40245 66590 94347 4461 89941 15819 56056 69802
6253 18
51545 43682 10342 66108 98355 77863 34810 71436 51490 43797 83025 25956 9713 56995 98882 51496 1822 96307
2324 15
57356 37865 76509 60253 96312 39077 32373 71526 3573 41683 87567 72166 39409 40233 8027
1029 10
2582 19794 64097 79024 7468 15258 90196 25966 52505 55391
381 16
83622 64923 41769 26995 75098 86835 13349 8747 17315 7 2754 40665 97925 23543 3837 78218
1004 11
87426 7509 2399 71234 62479 24346 19231 71759 40950 77426 99535
8095 15
6228 90214 90909 59218 56953 66163 55875 17722 28981 47435 13218 16669 80424 92161 73611
4215 17
2736 21730 18783 4969 46303 25445 12790 89433 67456 64071 23126 99574 97864 71012 80542 9327 72899
868 19
24532 71352 20414 52243 47902 44131 17941 98580 50525 50252 89428 42156 55200 38056 4267 19436 48775 26508 4022
115 10
76397 58775 15264 96238 44635 99249 50746 55235 5443 60419
5771 17
86501 33122 1209 24242 99914 72219 64988 66534 3612 93974 75809 79899 54432 93188 49265 33987 61655
4847 13
86820 85766 16173 11089 15764 39814 43770 18218 28196 2851 78893 49101 81475
220 18
80199 58268 37332 69313 53737 15813 42679 16920 19587 51537 17440 92984 90127 48577 79410 27476 33342 18369
7729 18
24647 28235 31058 43920 4197 6685 15638 80885 25440 16001 86053 5343 54159 31033 72099 89627 15641 74182
9028 15
33839 1506 85016 37017 90292 70946 18377 69008 75877 27682 83450 51723 71195 9170 151
667 14
6535 49708 28636 42870 65505 84084 1529 6330 92353 76211 6328 4430 42355 85898
2882 11
16292 6626 34082 78934 24478 34255 48828 54090 83698 130 65860
5065 19
32542 28614 40458 9950 71471 311 6870 20130 3096 69453 75917 99038 63892 77520 71880 28703 62380 89812 99758
7737 16
32276 83212 14995 95552 91654 90138 76706 46327 17918 77702 12538 99172 73796 42927 62385 13038
6976 20
81336 89056 92586 97336 11231 2163 56081 92699 97119 69510 89120 74902 32712 66507 34239 26150 60936 80822 64849 33516
4979 15
55331 34099 5945 52596 9990 18678 82888 57151 68539 69293 77280 17766 52458 98510 37300
8642 18
57282 55907 35326 73628 24376 84091 94145 6597 13987 87733 74503 26421 79253 62339 18130 51920 19957 99333
2881 11
13893 25536 80716 96993 5967 17468 76033 43130 90360 92110 20498
5635 17
71504 43377 86870 54205 61221 25642 60210 72732 32143 57236 21248 13394 85062 37473 76916 50090 23086
416 17
27052 96196 71411 80870 58698 61397 57140 78548 10280 82929 19674 84065 97542 348 1508 34561 85782
350 12
63551 16689 4757 28363 2565 10810 43238 77936 8204 39345 55647 34408
1633 12
15659 98360 93347 43435 94786 72121 5312 58188 25661 94223 26051 76842
180 18
56086 52970 71005 98128 862 79716 3243 20863 72660 75870 84541 97815 53633 57753 65750 31588 35394 54866
8409 16
82810 70955 19868 16772 56398 36205 10599 64630 30021 69191 38887 98392 38604 65606 59291 86197
3631 12
66266 86143 59251 30548 40965 90539 34949 12851 11774 22869 64207 67343
6603 15
97381 72164 55519 4878 52475 78897 14793 33966 32980 33322 63190 91856 29803 8443 59514
7611 10
53390 47914 18521 77532 38709 31248 72767 71784 11570 56217
6977 17
66128 32183 70449 71114 50143 34286 75975 32393 26326 17293 1942 99975 97203 16614 48057 70124 99006
3243 15
90145 88483 86477 95605 87999 91479 85091 36767 23264 85995 22446 20909 30365 81520 22565
3854 18
2245 69562 55034 6534 36681 23466 80787 84046 23882 76913 94929 20817 92790 32246 28893 28622 27739 34562
9294 19
42080 72711 16973 96726 23597 68640 97076 89243 7009 57516 37909 747 37479 48181 54341 59429 87581 33522 57295
2394 18
47576 34607 94214 40639 96142 36757 83514 1998 63799 25967 43263 95029 73569 6758 20575 12871 36193 29201
2346 10
90784 22001 38852 62638 23022 5214 75265 33916 90132 2355
8374 17
34529 23392 61291 30673 81036 3224 25691 65749 18178 78921 40208 14795 25927 52819 42072 34899 36979
8056 13
31110 63827 35890 3561 75487 45770 24457 19817 87430 34361 17128 96476 28167
4138 19
7028 92204 45568 17444 74424 68663 55497 97831 57207 16048 41421 45495 34073 96595 37046 67693 59332 57000 6958
9279 8
91244 899 8995 76171 83034 44752 89798 7327
4924 18
92541 59614 93078 48782 56151 13354 87012 66749 44645 21951 44115 66609 99110 59889 33792 71417 66797 6532
5311 18
88308 47594 27 73422 85283 52285 82953 37385 75001 71301 41168 81510 56186 66267 5980 26765 40337 31674
5109 18
27223 74113 25680 4675 4518 25417 67949 17428 76245 54197 75684 67954 15093 9836 21327 76521 96380 81424
5447 14
30448 5896 36315 27290 84528 16324 62481 2567 94252 90007 78198 45425 47558 57038
829 10
55346 64598 2020 87347 79013 57872 84083 71741 11202 26965
672 10
64764 28266 97881 77869 1186 75845 19788 14983 26742 88872
8965 10
91862 16050 99886 13636 20994 22790 81920 9911 7337 3308
2329 12
40712 29778 41841 26570 63990 19110 22363 61537 66853 32615 39794 15360
29 18
93750 80532 77682 66311 68449 12708 33042 69361 80009 55674 33336 68691 77350 99675 97733 50056 23600 69534
6088 17
13575 38349 76144 83751 30269 37459 22244 41914 50513 98568 29522 40548 77243 43859 63729 36576 15838
8005 18
66483 43568 69565 63014 54867 7518 80374 38757 58998 22715 2171 98798 11769 59779 50403 75201 44049 71358
9423 13
36085 22882 45286 49658 90895 87100 54992 5340 29518 73513 36838 23440 12736
4457 14
89928 29127 89588 90672 72070 43625 29944 10762 39188 52833 87383 13166 72866 74825
4277 16
1840 87780 43436 34590 50526 21120 59812 76239 41002 93834 43504 46843 76576 99806 88908 15890
1427 11
16915 98986 40047 8827 56741 82504 7576 36020 86916 75006 87619
4563 15
4685 90525 60440 77153 89260 9803 34839 77888 72835 57610 13028 33076 98262 23443 50753
4893 11
28005 30989 75560 30105 93129 56984 77511 96674 37160 4774 29853
4892 13
11386 41906 67747 84002 27342 91660 53588 42322 99600 92278 62575 23298 50779
9918 9
71772 47523 14457 27484 83949 61821 79933 49584 31825
5912 16
58401 15943 77245 7871 88435 63121 99381 14229 56772 17694 36075 35156 13665 55233 96622 4145
3938 11
83826 75092 43547 68684 20791 92820 70893 38662 59885 37595 12180
8912 18
36219 5735 53735 31202 11771 61440 51355 23631 24608 57032 74752 48048 37555 69852 33840 67082 76800 51469
1296 11
80466 19174 88340 88752 28937 9005 26826 95303 84642 45191 95991
820 17
17999 52153 81969 83119 30251 60338 8452 54419 97361 27479 82097 26664 9376 44633 86250 44370 66360
6054 9
4824 58795 69265 4114 19734 63110 15284 52082 61539
4061 15
15543 91793 52301 93972 53803 79059 47210 31832 45477 96254 12856 67756 41058 49938 94979
6314 17
93868 85291 94703 6555 90467 11219 75 89015 59288 51302 80367 55216 54430 83103 24415 28450 62765
72 19
78903 86298 89314 46450 48253 91093 11162 4881 4102 54942 91784 59615 12452 17698 60433 38635 16099 63639 52737
4631 17
80045 80217 9577 43970 49982 98260 49649 66446 52408 56132 15196 40434 85608 74390 6866 12505 63708
4059 10
95569 62569 88056 12229 19054 3166 23918 50230 86716 36425
2359 14
9508 55889 14067 60259 30503 98686 63497 83803 19053 20678 28632 12451 52615 85810
9336 15
31985 4034 50935 14610 18601 7095 66404 89465 76358 77454 95682 18473 70375 98817 69072
7594 14
70307 10648 29280 72978 75342 74153 37384 18157 85279 84674 48297 66250 89472 68793
201 12
36432 22782 41939 71461 45238 55418 16015 71506 97865 59402 37292 10122
2044 19
29958 39554 69029 71861 27066 89068 25945 63471 64546 92294 79761 7230 69976 90947 34336 2766 73699 63723 84863
1923 11
26537 71859 45187 23612 98448 58861 9757 51298 40123 33125 99277
6084 17
49700 80020 41715 91466 40142 69840 81346 81884 21830 70603 29120 5947 24662 75328 34816 26978 82735
3726 13
25619 60925 84645 4363 64035 32226 36631 28561 19778 28990 85115 64529 98339
462 15
11995 88288 65678 36094 36722 92412 12322 82077 31505 72407 29109 84319 76817 73681 45164
4473 19
42415 4317 53865 73746 26005 6122 81713 50259 71325 49167 23389 95684 43064 18569 91984 51623 80782 50710 77021
9692 17
991 12574 90107 94674 59362 89000 4046 53196 17138 49181 6893 38246 70740 10196 45235 44492 95232
1283 16
78912 89194 18163 65797 99157 21454 30634 38825 18667 43971 61184 34956 96458 87663 50561 9751
9686 17
12234 58585 1739 19857 67539 67202 98885 18898 4984 65300 92969 3052 66874 89718 91702 29417 65441
9053 17
40703 71014 5886 1638 87880 16455 62941 99762 85879 60614 5280 47051 76721 89802 21702 55265 22199
8648 14
33752 80463 5890 5663 61228 31855 85459 81295 92903 41666 55376 40446 25704 15391
4386 20
55589 76411 81146 63486 27770 25605 55159 51559 8144 74910 53983 20278 58984 1441 41768 41057 51286 70149 2757 50686
4637 19
63609 28299 26142 46712 95262 16353 59528 50684 78679 72198 48895 36055 96659 67409 54237 89342 58115 89102 20123
5565 19
4315 56005 51182 79310 77462 5639 91866 72878 48934 68023 95217 14332 3209 64592 29798 66873 70688 39586 70730
3289 14
6747 52384 59597 93301 46612 37342 72724 49749 93236 26706 76704 50625 88478 36689
3770 11
53279 1417 89225 72181 20648 7000 23914 26049 85612 41469 21062
9061 9
97758 6623 14719 47228 34454 40717 6237 97493 36314
4112 16
572 27645 65305 7423 49884 67144 30218 88453 95395 72854 20577 8516 8967 68058 46917 13957
6979 18
89839 41474 32591 40294 57859 71799 71246 41412 21211 30325 25493 15498 8991 43631 3425 18600 22906 76206
4704 9
88817 66137 47679 26048 79826 96939 11965 46492 14343
5541 13
86137 35724 42635 3989 56567 97162 53766 5978 91986 18393 1466 77373 7594
2651 17
87520 40436 7277 69343 6709 84919 33345 15485 51735 90615 34930 303 66504 87639 35995 98402 89695
417 19
1989 6910 94957 53611 54617 35858 275 15324 96586 66048 10368 24763 99685 93582 60189 47041 23860 42052 95889
6698 20
52944 76220 93865 48694 89391 78589 29418 14519 16542 70031 61763 48976 48503 90165 20552 78901 78305 78708 49808 57357
4919 12
6006 89104 98753 60469 76319 74860 92830 19554 30015 97559 24316 82160
9097 17
9902 9544 68480 96626 79677 98423 66826 95707 3683 30544 69480 94747 3785 16676 70185 19818 85560
6760 18
58782 18940 39307 55649 84077 77028 92406 62767 98616 10514 85057 950 1126 76560 44692 65570 55458 52244
5616 10
5202 40986 9568 63050 75437 94408 83210 81337 11907 48716
8958 14
35279 63505 37144 60861 406 59386 19992 60567 55120 9150 56082 37090 68824 55618
3993 15
47019 56292 58199 92861 21837 89549 63237 57768 4313 22861 80554 60365 50285 90129 43520
8618 12
15525 26628 17819 92996 13828 98333 59270 55352 21205 80547 84943 43686
2350 12
44605 18392 73379 70 79745 92186 31049 20453 60978 36697 36280 19798
8124 17
24203 92010 91445 60124 17381 43674 16017 73964 63901 96909 47515 64953 77569 74777 9262 69653 93906
1549 11
52239 47431 78457 39536 92602 36648 5245 52007 61854 98461 25013
4460 16
76084 82131 56836 43208 51201 95798 36327 54694 35789 42973 12804 69675 98425 25169 8319 96436
2863 9
58684 99870 11046 70638 855 51663 30562 19056 72313
1397 17
17529 14265 45733 50055 83582 56640 1422 62582 13136 29597 11232 73566 80506 18788 92248 95221 66665
1307 17
46815 23465 40496 72959 33850 60016 52535 77218 75297 48817 37105 24787 54991 76167 82495 30185 86902
917 10
97211 85545 29121 38274 99771 3449 59516 44084 33126 60729
7193 18
57697 88975 59092 69087 45085 92266 69289 71752 85721 21857 59466 87526 81187 84847 82055 28134 39397 53826
9204 14
63140 97721 54110 41533 14911 60050 82570 77844 21536 27638 23565 94816 1827 59900
7120 13
92811 52987 81466 78578 55580 49243 86758 84236 98211 19466 32987 58277 46518
5569 13
64850 34230 84254 59384 3796 62797 42224 9565 17805 83966 1429 54440 49204
141 9
61373 52135 42032 33554 84401 11061 1616 27534 21027
9927 11
15046 62049 62499 74206 79480 25242 6861 6495 87095 75180 79254
1488 13
24347 5672 94462 22695 39288 94939 1762 80258 33891 32887 97224 14619 37975
4311 13
68624 6150 48399 80015 83166 53517 97994 51417 21276 55372 86089 45831 53419
6079 14
81771 36151 16853 80276 77000 76709 22024 26665 61223 97034 49 49798 51612 10997
6585 11
69992 98000 3145 99268 95885 94505 95266 74371 47115 23031 76539
3622 20
17987 75569 4741 17060 24612 1945 95080 22725 73330 90636 57909 84960 44900 89331 42567 76681 66237 80674 11707 12239
9169 13
11520 11370 56712 94001 84264 73787 57665 25298 94834 20169 78627 26658 31518
4682 18
69794 40742 84998 72909 4104 64376 37495 40842 77498 7837 86148 78245 78576 11640 27390 29682 48382 81271
1356 18
83283 52190 15920 73445 49706 77787 40507 61543 74453 1718 98328 70779 66975 63860 57786 7850 74656 13975
8148 16
77328 798 80619 65106 61448 38314 94396 74372 8749 7387 13337 78940 92203 90519 14128 33056
6342 17
92024 83420 56610 14438 78035 17891 21926 72245 32670 7859 66637 69395 9810 92418 82294 55491 15146
8893 11
66601 1543 83218 53488 38000 90842 41848 49793 40824 94973 3751
9460 12
2404 22338 72555 66906 87693 87181 10043 3868 19632 60724 27752 43007
7368 10
56298 83691 14375 91433 40763 15296 10925 11093 18208 67270
2110 14
24868 61289 1347 39568 34012 21009 59501 33033 89707 86964 76856 26358 51188 91268
3720 14
39381 46806 19264 60814 32015 63846 94835 35343 11291 31747 47043 85826 73304 41114
7630 15
2334 70287 37838 23548 58172 82939 86198 64382 60555 92006 1471 79061 20506 7311 47513
3794 10
61049 77809 73939 2033 59590 20429 67482 64506 90603 9590
9087 14
10010 91409 14319 59055 76864 66368 99646 73634 84749 93231 49175 31070 93978 81365
9291 20
61965 53569 90997 18754 49163 67203 31620 98661 55315 21108 85620 77294 70367 28135 26874 18872 43178 28222 6043 66701
6754 11
16462 73946 69574 57188 6136 64971 54195 47046 9716 60674 38055
8449 14
14558 20646 45138 28274 80146 39740 8130 1067 63841 79160 6551 88496 150 18333
5097 15
99934 78906 44628 77137 61972 71511 79915 1141 93115 96530 22486 60295 20396 95489 68596
1478 18
29736 81910 56764 95287 31959 59763 21990 16091 11030 70272 40915 94114 99281 44076 3165 94760 16541 88154
2901 17
21422 6452 19814 20707 32616 55482 94766 67673 12040 88634 58807 13741 34002 32970 85111 71126 55760
5390 19
1629 26973 91957 41659 46059 96555 76674 98409 37734 9937 80485 5053 65140 61675 83944 32506 75021 41223 41258
5760 15
36200 35401 58642 25516 31579 69294 28307 10971 56581 3841 44614 32273 1536 63832 27303
3546 9
83879 46983 76616 55898 55536 84271 46114 29226 46370
2567 15
36475 71812 96810 20741 47761 8448 15997 18612 17752 63381 48742 72348 30691 72801 96368
3771 15
25515 37818 50067 29084 52795 91814 76040 68262 88728 61793 82940 890 36790 17287 84474
2590 17
59603 58315 54953 97615 34053 70859 83513 78111 45635 37688 5742 48875 24522 45069 66541 90452 81087
9143 17
49178 60772 25932 45158 48011 85265 88929 91287 57260 52799 66006 96999 88337 40948 67560 69322 42356
8792 9
20600 70303 38764 70023 54232 6357 22102 89532 64469
8285 13
57228 15191 77979 45320 34260 72167 80043 3807 13554 21592 93030 96181 51240
4355 18
55999 62148 73320 57430 45052 87950 1478 7753 56024 50139 81916 51294 98644 28851 13807 62132 47254 60822
9647 18
6639 93830 20992 36874 77077 22523 36307 29392 69201 25354 15121 14951 3723 46419 25514 24037 95318 47109
9689 13
52717 16618 25065 24717 82941 57232 92443 20901 99959 26460 41822 99017 52173
2916 14
89411 51149 83837 87781 2499 19659 92953 1962 16259 14347 8972 29865 63276 23779
4395 17
66605 93942 77725 91034 90725 91851 84928 93784 48010 82899 14023 68609 78663 12772 69050 97933 19596
5339 18
74857 8649 63380 97317 93773 61805 72427 57668 56296 82022 11166 58639 40789 57166 68007 42866 21895 12125
1789 11
69302 77689 77289 20399 97752 84132 88868 30775 79708 20616 13792
909 15
89774 42366 87173 17502 33171 27663 24854 65927 51278 94417 87262 8163 92502 53707 68062
3874 12
47125 92240 87298 59828 1910 51644 9095 59962 78658 95847 7225 97819
3091 15
5660 24479 90370 33403 33875 78266 8607 29249 64373 30466 11278 50612 37800 86977 57247
9566 9
52477 57624 65721 48216 44518 60741 85657 3302 41865
7470 11
84931 30834 25892 47689 89688 60595 58776 24953 99819 97382 14340
8109 12
66840 10811 75268 5407 34450 42969 31540 23360 42782 59017 36052 52339
7007 14
98729 80330 65628 37396 97215 51572 48876 60591 4710 1617 52012 42443 13798 45220
8178 8
9401 81080 45833 4923 53621 50605 50677 96730
5438 14
94553 87397 98 68452 13272 12924 41381 44812 6373 76256 89930 49632 60056 527
6215 18
17113 4949 29973 23386 11421 16553 94148 52762 4744 24129 2140 14576 56408 67089 94517 45216 49415 96662
5020 12
72364 56306 61717 28296 24078 84053 23908 97385 71679 34753 70976 11335
8226 18
55921 97687 63151 39877 1389 80110 32452 91670 94548 39729 67199 23282 89734 64000 62583 32778 42020 1636
8989 19
6476 38628 85112 4882 50402 77555 82394 9571 51990 88693 67915 7459 81799 43675 36103 90827 36422 79068 71547
7358 19
8226 41726 81897 46729 65508 65619 36550 63957 45114 59605 34271 81543 47834 46203 30585 67570 34122 51487 88944
7038 16
61179 99644 64379 87874 80352 22970 95361 34793 74706 3068 11272 45102 70019 43484 16268 19777
7822 13
68283 74828 20701 66124 77976 550 51399 48849 70296 15773 45966 75535 86967
6885 13
27088 17732 85859 63259 5015 6488 82690 55405 57256 37539 6480 66579 69466
6202 13
35878 47571 3489 73534 70036 69527 37978 87037 92835 18657 81666 32439 88430
3290 16
23482 82662 90740 18661 76 33484 84907 81172 43961 93512 10959 14447 28385 91742 3676 79759
6783 12
79679 38845 16383 33737 2324 57165 44717 67583 48392 51427 16770 82698
6386 10
11094 19711 2109 49757 67054 59511 71764 17594 22813 9874
3817 18
84587 27449 37798 84939 20117 12370 88142 35154 1970 76056 23889 99112 24180 88456 97393 99407 554 99990
7512 19
26310 13473 74 35094 60390 32530 8122 90572 88722 64121 25400 64757 45226 2705 76456 76140 50160 93792 63912
8390 20
70232 32568 42303 48266 60519 49743 87760 1030 90866 56049 52167 83316 17788 27709 65036 18962 9561 93150 90497 44742
2664 19
52093 54995 84514 69525 70202 65434 57718 47150 73448 47589 80596 57976 96111 31295 73485 91693 60287 30059 39531
3025 15
89152 795 16177 78860 23992 75910 39219 13068 78581 12837 25569 2813 33754 62511 14804
4589 16
15019 60847 25544 63137 69690 7474 16290 96657 57543 85547 13094 68905 21652 37167 35659 65364
5219 14
22188 22397 30980 48243 90846 11650 94762 15058 27426 2318 89641 50308 86054 68110
6665 15
94640 35658 78328 60207 88816 50515 21582 31325 96148 67942 14148 49364 20270 15422 90309
5045 13
81929 91510 69841 96736 19538 74295 15487 47278 22951 8168 5722 16030 59458
8841 13
72659 84550 36520 68411 51934 56422 90949 85002 33631 9894 17203 60487 20256
1596 15
79620 43430 75356 60540 25014 30880 29111 76098 99733 15116 66979 11141 5745 19531 2125
8222 13
40631 74797 56920 89187 98195 45179 96763 82830 80975 52797 63316 5394 32921
2497 15
65230 17597 10644 80191 81091 90565 30941 41298 89009 2357 95546 66535 33888 86828 11387
7645 15
54916 5565 16202 10327 80297 74489 11713 51951 98631 91775 7549 33181 49720 38206 28757
673 18
73053 37068 58881 17215 46508 72520 50079 96349 29444 44256 93437 59134 42583 92933 20178 4694 74144 65306
2079 18
81842 82091 18985 87837 87813 10174 9323 47464 49627 13037 60294 65350 96654 24382 58472 87657 49369 22275
9704 9
98748 86859 97986 59334 55951 64171 82553 63779 81793
3216 10
81216 74598 74588 20333 21563 14944 79179 9436 72361 66583
7770 16
24312 86072 26233 79058 91932 45775 8627 36542 81669 18641 99518 47936 85119 67958 21420 88979
9489 14
45503 18137 69838 38547 19784 30649 91694 45883 92402 1669 4490 88497 29598 56940
9486 17
77993 25214 29781 88324 29916 88042 144 96171 85828 42294 1142 3667 13021 47863 25217 50136 81616
399 10
36203 59660 55849 58319 86560 72616 44405 92949 16700 83483
1598 19
11607 13254 38763 51557 10902 64519 30557 38745 93254 9729 34493 79514 11831 76495 56326 3331 17390 57788 81280
7201 19
75421 1870 46664 33173 97303 98275 95419 7886 71207 2668 71365 81726 17893 5891 54759 23777 22662 76802 38846
4430 19
44228 62452 81339 52219 68883 36836 55012 1557 14462 11400 92534 12679 37523 3216 58755 80658 73238 80369 93730
8518 10
85977 38231 56852 92374 41806 11461 22438 97315 1534 48724
6988 12
9943 5334 58901 12103 12652 18633 1668 4783 41890 92781 86603 50123
6924 19
71058 52515 321 21608 74778 914 26289 11872 72342 79063 85194 99091 17326 72444 35243 79444 74130 28224 437
2426 15
62386 46011 29891 79815 47956 20121 83455 80268 32695 26876 57164 41980 51424 36818 6297
5169 19
94276 77688 12931 31372 9265 49902 81107 56605 7598 29783 96286 32860 66741 60266 42785 84648 55356 26720 79585
1109 10
29735 70282 78813 65141 25962 74628 83089 14698 61713 38329
561 16
96955 95256 53763 74585 62468 97761 8806 97800 8987 99897 85188 81332 51002 51720 25871 58923
7096 13
14081 74848 51471 3912 7263 56709 98137 59961 70558 21657 37822 74167 11788
2737 18
1780 35484 13839 78710 64827 77444 43703 40330 3905 46156 80130 33748 31512 9560 3325 25708 87118 78758
2252 18
94128 20491 48674 68416 43402 5275 98399 61904 98116 45813 45591 37181 66032 14864 12246 28909 54837 75086
9252 9
60866 71584 11444 60934 2520 40440 80562 17339 46067
7493 17
26660 83598 79072 99864 87541 90060 85267 52915 63839 85796 48977 93534 50461 2100 78279 90439 7072
490 12
88188 10519 60348 30696 39605 97000 5411 44257 737 53040 24207 104
8488 16
51405 38326 69767 45522 84875 91683 52721 3389 12973 57569 12162 74067 69900 73183 60544 7698
3318 13
76786 43084 69979 1598 61006 58059 15194 32281 86023 94732 45513 22250 80271
1241 18
29536 35438 7283 31753 25953 30381 22364 6017 32832 86125 58465 64170 38480 99029 90313 34500 47856 33262
4951 16
60464 83976 54317 60946 17168 17051 47056 80866 4648 99435 84586 9077 81802 97325 58531 79988
4116 14
9338 40454 52495 28986 19149 61807 43174 30546 67788 14922 36488 70766 41152 10414
6940 15
69993 27468 57710 73925 39870 85883 42102 79244 9446 6553 26739 58983 89434 39164 60078
9172 13
93880 24151 7499 14814 26195 86836 93603 95151 61673 98316 590 99554 94928
1403 11
60650 68456 10231 80403 59518 74162 58077 42019 94238 40767 8000
6209 16
98836 56753 83615 42256 74403 55237 94080 65669 31357 73196 23915 4664 50002 60849 4689 53650
2977 13
55942 3911 26975 15505 5806 59016 22277 93384 51874 12353 17198 1255 2309
1120 18
23815 56255 97012 46760 40692 88529 2804 95433 41930 32836 71055 32711 19989 77685 16512 76503 89004 25925
572 11
66231 27132 13883 46019 44937 4152 12897 60007 30693 91355 86896
445 17
27036 14411 24640 90346 86612 92413 64459 24482 59344 35349 36172 32384 2014 69678 55148 18854 47090
6821 17
34765 40424 1631 64475 6120 40734 65710 47392 99232 74059 38721 85849 36401 95339 30421 2614 93884
7143 13
45165 61091 34953 71568 81037 20580 33208 90787 82181 55892 4712 46194 35678
886 19
58244 96329 56359 50608 1077 95729 59837 74639 99355 73724 39817 22617 46596 82062 99704 8700 31949 18089 87083
6115 19
63877 83165 74708 46716 63246 1292 68866 8724 77082 28690 31377 25374 87223 30659 20120 15175 37543 61183 7852
6285 15
10892 26159 96251 10521 50044 41241 94245 93151 14578 86520 62169 24073 32485 86974 83809
2276 14
16594 88880 49600 40974 53887 39529 60061 28198 83080 75298 80809 50057 59168 22235
7261 10
80930 42784 11531 56593 65000 44155 88509 78525 1049 69987
3472 12
98875 95870 15701 28175 54738 92424 3501 35120 587 59977 1105 99557
6025 16
15234 6027 69963 10318 83520 30227 22909 95640 55115 73040 7756 60996 79770 57798 32999 22120
1830 14
36419 38070 23345 67032 5094 11193 19379 99555 87850 49157 84167 11233 36071 26905
4252 17
73224 19213 86957 72729 62340 26067 73659 92372 73169 87121 48475 58654 6511 28200 41155 51077 34069
2414 11
97573 7645 85993 8296 61711 80871 72821 67102 17574 3831 44723
4496 12
65932 51627 92646 61278 53580 54582 15628 93963 95947 86869 2210 94856
2097 16
71974 13950 4479 36914 56512 59220 99396 58614 95184 70408 55915 30639 19472 72902 35119 84576
555 14
28172 79265 57518 22635 29340 29929 67932 11256 35007 81758 83947 13054 52206 52560
1181 10
5320 29214 27377 28042 4193 28899 92124 12567 78261 74718
2939 17
15294 83578 71221 60020 34818 48044 49061 44832 86735 92297 94255 58811 20079 38351 45175 11719 43139
6636 14
42641 997 71874 5454 54092 97223 34089 1816 60066 75695 47875 47982 88953 32592
1642 11
60376 28992 27676 39035 40340 3529 44640 90029 33251 32091 80174
6931 18
41818 57961 90877 87390 4312 27447 68001 67252 48385 93251 85003 42516 18835 60052 65683 93763 73187 23377
165 17
77458 56855 28355 37089 6338 82111 76135 81958 78600 57068 71402 78531 77356 91426 33518 88798 29967
728 9
71631 17456 5940 20376 99924 57477 13816 5031 44705
1137 14
94733 49198 52467 23843 32799 15617 53183 49964 181 41013 38498 89486 75813 86110
9701 18
65966 27268 25174 1525 1052 8094 31395 15781 2818 91110 62016 51074 72243 31118 8182 15834 82937 86794
6743 13
44681 32687 7377 86606 30014 63411 54489 5617 28607 7930 49522 54070 37829
8677 19
59762 61954 69066 98603 36527 63444 84362 95939 27075 87787 86212 5765 75934 11813 57476 65537 70719 55736 54100
470 19
58852 34110 50532 75916 83487 71140 7128 85789 84614 84978 34263 30681 84652 60568 54586 72655 42465 65050 72346
4750 18
54443 58125 83605 96351 27589 65542 37091 59189 38488 12153 20032 37214 36626 68822 89323 5762 88763 71773
1164 14
99830 97734 12671 8251 80553 20004 42917 29232 99321 72200 73021 62806 13120 73124
7099 17
47399 17825 92480 94394 44858 42133 25972 57840 50485 43684 50093 30175 72976 87543 80436 24441 87568
4717 17
56201 65413 2654 29078 36568 51880 86264 68665 43891 61195 61563 81351 28190 26828 49956 12998 79767
5113 18
40419 63919 27943 83827 9777 26368 96410 87593 26672 92685 69790 70484 14354 81601 21533 4515 10913 69974
9596 14
28257 92897 46877 36022 70628 62020 82845 350 83745 74803 24317 6407 58817 83441
4535 18
77091 28322 69520 66425 25667 36600 7516 58582 4879 96236 81877 60973 23752 57008 17603 59703 30949 28816
4170 17
24690 78045 62164 13380 21707 9654 8546 56800 84045 22287 52006 39584 83717 62841 1918 80354 61321
9095 14
75822 3621 72812 18313 37934 86290 12473 93109 49484 14246 17192 86613 92928 20395
3390 15
41801 20176 58415 54957 56760 10300 90699 25105 13939 93879 25111 79350 79784 90450 40562
6193 17
39912 48885 9104 81647 14845 3566 8650 90838 35872 60882 30943 86553 6591 91125 36402 75383 80380
6416 18
92349 45119 10158 52550 57172 15413 5425 10699 20964 99308 16620 31915 66830 56390 81253 47968 90005 74318
7045 13
67035 17983 79991 43027 15855 53886 50528 46945 40769 30104 48410 20267 64734
2928 17
97630 84448 67282 16309 16159 18109 12157 57257 31414 15036 82132 50115 47749 63149 77931 83392 63521
3623 13
51326 56935 10805 2417 54320 53344 75668 18974 13622 50416 89642 23510 74106
4645 12
23371 14428 95329 63969 87740 35526 98861 8274 43472 4785 81895 29448
8366 16
92987 85671 28568 42380 10967 83581 90808 83744 48329 53228 6347 69000 38146 65423 87384 57116
7511 14
16503 31358 7833 33910 61640 75046 76480 59683 60278 56141 8434 86698 71537 77109
991 13
59675 91091 79644 98212 92116 66606 3371 38263 33662 61175 37387 10958 36641
4606 10
34227 93551 45877 24020 57936 40242 93740 20684 78370 59143
3463 13
27267 93133 30102 56875 21757 50767 26861 61060 46708 31695 4164 24529 49433
6235 17
54675 98310 2510 89751 51514 33564 21213 14188 27975 20599 10813 67868 16201 74048 85956 44347 43368
2661 12
31773 25806 74608 7527 13643 82602 7278 77381 58388 55873 87775 75604
9540 10
64100 76067 69550 40796 22506 34381 15348 3354 15073 99580
6121 17
82096 43645 77320 40124 96817 35530 83639 67614 72974 21871 44895 57105 91725 15951 7529 92690 70593
1765 14
15151 46481 33898 40949 70233 16994 90941 39292 8683 46022 72258 12637 93856 79709
9315 9
13578 57019 96890 45363 66798 2485 915 6 85557
7534 17
6159 57846 42500 65621 62332 57589 63250 96584 75223 47444 46911 12910 62273 70731 15974 60646 23357
3229 14
99601 45433 43290 25510 14939 60149 43248 45081 10429 35511 9100 76434 65445 74019
5123 18
68230 22311 31182 94583 73875 87725 4620 19589 44 33095 44326 87570 18712 47057 32289 35623 26371 60536
1970 10
30317 80411 49785 13325 60718 35806 71777 60864 22341 17137
3876 16
61517 83254 30773 39365 82329 39322 60734 96222 80512 61376 74294 41615 32338 68830 8714 35264
8534 11
84520 37898 93623 17498 84302 57696 80071 74239 86509 29668 88065
1813 16
15149 72561 86728 94960 8506 31624 41353 71192 92945 32864 86714 21712 58637 68464 55178 97048
3612 9
12164 75570 74097 94125 16598 22854 26970 60652 25134
6746 16
20711 28596 37888 1233 67732 79574 83952 9832 63338 41643 45925 41102 51155 13557 56704 30799
2830 18
73779 43765 27169 2816 85802 50999 24754 93477 11521 52506 81508 66058 69904 17347 2023 22923 62515 65030
4556 17
32157 40510 57800 36222 87866 37414 43049 45034 972 64985 74165 54089 33926 76785 91644 64604 56560
6153 18
3584 66969 42225 66858 74845 99823 66107 84343 75433 26120 69519 51064 16235 72700 21525 60960 29233 9862
6736 9
24377 2769 17570 7372 62677 33980 88797 97971 63766
248 14
45880 42673 9102 63932 42868 33656 4364 21590 71460 10590 41047 41711 31765 99836
6715 16
70288 49510 96008 69349 94724 95314 3598 68116 34769 21077 98111 26822 67956 75926 92033 1147
9080 15
62283 62624 88381 36678 10837 22636 82772 71727 61045 50566 65491 25423 34134 95328 27874
7644 15
43396 26476 71355 59212 89347 97054 43063 62560 11830 22370 79845 7510 86800 51970 14114
8831 10
8173 935 21173 92109 73255 83003 90428 8156 60767 28394
7801 12
74929 34242 64579 8998 53143 52343 42360 9805 66911 64401 67131 46320
4506 14
46480 38358 68459 32001 63107 98349 69560 48250 39993 93152 7121 5368 88297 9268
5030 18
36814 8186 66633 1763 82133 53718 90423 10444 57136 30735 36144 52071 42899 98456 19728 44278 63887 43874
6738 15
80410 69245 77648 87434 69411 90017 45234 27854 72603 41096 92211 37253 75654 53852 41006
7618 17
39981 23735 31317 77323 62662 67558 96030 75698 63405 79692 43327 172 35632 43386 34172 98975 97723
7881 11
30489 8436 94115 69356 47235 30549 40758 27882 50018 95013 29647
1617 13
77589 59984 29324 28758 2333 90550 29606 91605 26184 19774 91056 47934 70432
5712 9
79116 5529 44794 77170 38714 65409 23199 57198 26306
1682 10
21978 71806 3620 15285 53116 78983 30759 64179 4814 67791
1154 17
76263 4517 21593 94666 38244 68390 33886 87964 22384 93107 44725 33249 45281 78403 13341 36558 10939
7786 17
17896 28405 35502 53760 38905 39415 79747 49193 95619 54098 25158 1248 58615 76788 98713 41312 30416
7803 16
49077 44789 74195 77821 64949 29809 15174 22727 2896 4527 37021 12753 84449 27483 37234 54908
5437 17
58359 29133 84137 62156 75118 39244 78972 63416 40517 90727 10326 36537 70941 99313 46209 49865 37541
5360 18
33065 91915 18325 82605 56937 43051 56856 69020 20246 20416 31018 55642 66546 76585 22487 73095 1845 59857
7078 17
33797 18627 83541 64421 29359 2187 26141 51012 73397 74044 43578 94088 37913 13571 61642 64525 65959
9218 11
71906 23172 41448 8590 70639 27311 24201 68963 35538 89612 50339
2798 18
62930 13972 5547 55073 74714 25320 24639 58337 28463 39151 96876 7485 46101 79291 3363 51701 2298 36023
5423 18
27803 31739 46430 95207 35455 45970 1409 9815 55156 1773 50200 16272 94963 49455 70050 8351 21946 59012
965 18
38092 46573 59425 35736 2703 96799 54433 48933 60949 8982 83181 77830 25266 66258 64067 94083 34815 92841
3548 11
40089 7620 43615 85798 98495 18494 15037 49240 69461 72581 62046
2904 10
19713 55723 27446 60058 54135 43181 31835 94923 42921 91335
6960 14
6247 71899 54459 19748 10844 72698 99689 50433 14405 67911 82588 69862 36781 61486
7582 19
37525 88057 33158 82778 1809 91952 74381 20934 48702 16226 47879 84906 57028 62470 21340 29878 47593 69696 77684
8659 11
36054 50421 50837 71598 57540 74354 16263 46930 33893 28136 70857
3600 15
24969 48929 54304 49115 14077 43904 38005 62350 88723 466 63321 96605 17001 27540 44210
7442 12
43972 88066 83475 51910 88608 2411 75666 95694 18588 31144 60742 84007
1342 9
74766 19315 46270 67961 86196 14075 88043 56297 34616
5510 12
66083 80974 15448 45455 23029 61620 49426 63147 67104 69642 78494 77436
8839 15
73517 13780 11548 62467 17418 61444 25692 80409 4964 15830 79479 48420 24954 25978 76776
88 19
92257 9925 71517 64710 83567 26920 13921 16584 30039 87879 95943 28074 15842 42841 8235 85299 83687 16004 96717
7285 11
40018 63576 89313 26738 73564 5389 69891 83724 81492 65547 24772
7294 15
9222 87816 64804 14773 92094 83381 83796 14520 10973 23108 1412 79261 12787 55349 21556
3277 18
23432 19826 67204 68496 60395 39549 39314 30216 39191 18635 96648 94314 4816 32672 13431 18984 15674 29145
3525 17
60690 22992 53202 39839 33222 88124 26248 28338 9648 72796 5122 89782 54655 97816 80204 11729 99793
1605 15
27546 67683 73338 20077 5860 56570 6332 16775 7431 29276 43937 88548 56505 33567 19402
6485 15
76283 21521 11795 11652 97158 49367 26082 99457 32274 85135 67793 86061 81129 11608 67371
4445 15
43752 62825 43633 86879 77720 60268 59127 73055 42766 32619 96486 73735 63365 88140 14088
1583 12
51661 3175 71362 55081 83788 70635 83539 61582 50676 11536 35160 41484
1582 14
30935 61993 17924 14923 39748 54021 84754 12345 65021 38920 259 51829 74083 54454
5426 16
72585 5925 19950 48107 28081 75702 80817 89167 72459 51907 8856 68419 55517 80783 45328 94840
6143 9
85209 7701 24134 13865 92125 9630 30869 80557 5386
1984 9
41551 29613 12902 95766 33464 33105 92038 60456 80178
4977 15
63297 11224 49185 28301 24860 50638 67647 37896 65947 16293 90518 29970 67010 28157 36862
832 18
86392 98497 29746 26078 76482 42719 3870 4567 54441 4118 53142 17213 12923 1489 44419 85275 75680 29059
2994 16
30713 8702 63097 79064 92299 18592 89280 10665 42543 28101 50273 61227 1889 95636 43842 48952
9070 18
1833 95623 26864 50741 79699 34749 28391 18933 41616 95459 18941 78692 78830 22344 46400 78622 12507 12301
3787 13
64987 62970 80435 73811 33458 43803 94413 22520 69375 10160 62463 96623 76474
1425 11
68541 41816 74273 90989 24556 55771 82434 44715 74693 71125 61665
7308 14
10896 21713 75913 48460 67249 11678 56598 78871 24598 38808 97823 29482 31752 40867
2973 17
34945 69762 98433 33853 14497 14362 37616 34494 48717 25017 78862 12163 33642 18578 27393 61101 75883
3491 18
83403 16186 36976 24849 92693 52272 84838 24919 87251 81078 49651 52810 19591 751 55230 74566 39672 77477
5853 16
45690 74745 69503 15189 86337 35992 74376 46472 40237 98161 7334 52055 26098 78738 71022 51319
5585 17
52702 21281 96805 22256 21611 88662 74742 19380 32575 7655 48826 54001 8062 47944 72826 7109 82005
6953 16
4460 44169 71259 13413 40597 2391 45821 54548 6931 67642 46259 29728 66523 84887 52169 46501
1899 15
23284 60303 1716 62989 58204 38591 57857 20237 18414 54589 9339 3380 93748 42150 25893
7407 15
71967 84012 99915 65910 88573 17054 56070 58136 75113 18397 5091 72956 90246 46170 41471
8569 13
92334 79948 27666 20946 38083 2644 86805 61663 71048 22059 85709 52315 50467
4284 16
20698 72299 79590 23103 74488 33387 94524 79501 99442 4492 84059 55489 91306 76024 95026 40266
5953 16
89540 62584 33711 90777 66005 90068 58369 59927 87234 69857 26652 79189 88388 82883 48585 69588
9534 18
69664 94191 812 93040 26956 59041 57504 29539 9067 52139 78748 78828 43216 21698 57427 85611 53740 40101
825 17
96894 9758 72211 62630 44047 35649 16387 19761 20058 49609 69306 83695 78064 32974 37375 88894 72176
1824 15
18005 15316 72932 65226 8572 30186 63962 46666 33502 22845 29019 59120 24816 93300 60722
2510 11
20151 88952 51299 90510 94567 68356 58544 39652 58393 19813 70989
6012 9
71299 2870 37138 26022 94850 42314 98386 5787 84443
7612 18
77427 8309 88398 77412 30707 2306 86880 97292 12824 64181 6230 6113 43437 83932 59302 49250 20139 38414
5337 16
35646 73977 34927 64465 76649 64741 78638 44852 25542 89207 91595 62762 39789 85424 83241 24497
5269 13
38405 5257 7929 86823 9236 55893 61193 66959 41417 34903 79595 84148 63780
9636 18
66300 13836 94382 22875 97065 45399 8473 11817 26596 14039 3261 85429 52435 74739 7273 4076 27211 77358
5765 12
68457 4691 88576 21176 65957 54227 37791 66855 89199 15756 6430 86956
9751 18
30671 97787 77396 94983 86798 88494 40731 68269 36902 6374 78043 81153 15698 12414 92385 68977 67431 16176
3568 14
57089 38570 66803 31134 3120 9324 37582 34112 5430 38169 20511 15600 40438 99956
3416 10
784 31117 89298 23286 27494 96074 95253 34173 54394 65223
7088 18
94375 8412 27637 75544 27839 21222 24928 67545 57061 8631 29514 10166 85703 4075 97301 45307 42986 23859
840 15
7307 56240 32726 4366 40919 31436 80058 27925 49731 15538 13123 80803 12625 24554 36179
7082 16
2181 37230 63965 37049 46328 88246 88527 45299 59740 41559 81778 93390 7754 32038 48063 44944
9399 14
72644 58992 61898 10385 57177 24519 51538 91922 18540 66141 21818 55071 12168 82656
8795 16
47816 89427 30617 31898 51607 7588 75616 72714 7515 35653 81608 33606 24629 34827 20115 19282
6915 10
65488 39955 36036 94434 5398 42644 29988 85197 71522 85422
9582 16
79771 91380 49047 18295 65333 72460 62732 76051 38096 57117 75325 82593 26027 72058 68781 25539
5374 14
33074 40168 84393 50546 61236 86331 3151 82644 73312 10324 91279 75704 68019 91574
3944 10
31866 21773 39648 64848 31687 72868 71849 20268 340 45395
1853 14
34280 24699 40235 44607 59968 63061 78069 16392 48812 71571 37301 69136 21313 33429
806 12
68168 71891 61355 43442 81762 91541 93536 43249 59283 25022 2074 82846
2312 14
13823 98469 91794 81542 59775 68329 28085 36522 85350 13730 57537 96364 94581 52696
3331 10
69768 65361 96228 47058 33693 10894 37966 34050 13829 87848
156 11
13469 15885 65197 1251 54977 73296 20438 46885 42859 47307 36043
5202 17
18250 60356 31782 86155 19273 21096 65496 84690 62898 97824 34541 24818 87187 84619 58381 70761 15311
7344 15
77416 66432 90169 12714 8712 77088 22816 26817 10626 61206 91488 46076 36586 81481 65945
7825 12
4067 96742 83329 50956 15817 847 85744 2219 46689 49239 85237 28581
414 19
58203 57632 134 4391 35170 30257 13209 3857 11876 12491 43849 47195 82540 55000 67594 72431 78367 75477 61099
1226 10
77342 44775 86281 44968 233 62617 22973 96907 64032 46361
2548 16
86711 57484 28728 32195 13294 47803 86674 45656 74100 75343 94111 84796 4499 79523 27691 52917
9733 13
39173 58005 38374 90923 55543 16989 55530 77857 25678 52738 73503 46377 4715
9992 16
65697 18310 63811 12834 19245 84675 24118 50037 21906 60898 65970 2448 94642 54487 28487 11896
1996 11
30382 63868 73587 26562 15683 69113 33775 67027 34632 40074 83088
3050 12
7507 17096 20053 89911 80440 31709 57053 55851 41617 77035 63291 14042
3586 12
57227 71835 69041 69328 44102 40780 5869 43105 15365 86665 74127 66498
5966 15
49097 54755 19845 83074 13419 31161 68638 84774 24337 37855 87237 52220 27856 71086 32717
5117 15
81352 84432 8709 18535 3822 6466 4056 94198 57577 24745 99375 47619 12315 23603 99343
6493 9
18975 82563 75107 88148 56683 17080 80393 92547 24233
9506 16
61131 32320 91177 53947 73605 54080 28035 82657 2253 55571 95401 73120 64272 48747 52150 24168
5568 14
11989 65855 66563 40116 15721 70548 22644 72568 11333 86322 83113 17432 45053 67294
5555 15
43114 26780 15588 5128 48511 40617 72557 77368 44824 52666 43089 53231 21604 3773 88406
3550 14
36462 62814 67059 38174 48062 59389 60417 30761 44797 74796 25997 9428 61815 77749
9847 18
40102 49572 25360 83320 76930 96190 11764 98774 83562 67470 90236 51583 34886 42249 31148 86436 37905 85170
319 14
71080 9703 1286 108 55351 75106 65450 13491 29987 61579 12761 3195 30045 2162
5091 16
12683 88734 69124 8330 79615 89906 31388 10382 44496 25414 38037 57384 28866 21570 39856 28304
7569 14
98612 19188 77541 32093 39255 80080 16217 96415 28781 18100 80384 45693 30400 3317
4431 16
55114 60032 63847 17664 91132 86464 74076 27275 18859 41337 55444 45797 79125 57498 38796 14772
4201 11
81159 479 39389 93801 86555 26927 81993 98822 5013 58652 64755
9667 14
13401 59887 70655 54762 90180 36504 43833 16180 40011 66302 94791 20501 66630 50609
7424 17
80275 96478 99679 21074 79582 32507 99761 32975 35913 93336 68365 40705 37115 66877 58581 31399 87547
7243 15
30369 27950 76394 57434 83823 91025 50394 60513 77263 43122 36003 42008 92712 41457 50324
3027 10
93498 36246 62107 686 7709 94987 72139 30048 55443 26116
7804 10
10549 42228 30002 72232 90637 51995 50894 30785 3827 55552
6893 13
4230 75829 25011 6665 22537 47187 80059 47292 69038 95392 84211 80312 95732
8093 17
89863 53286 34533 70998 1934 15847 3141 17236 5675 11320 97945 22993 46747 93112 39976 35669 18541
7451 17
47323 21471 18670 9676 97878 96522 56382 28209 86405 32330 84336 42425 41453 68413 20161 60028 39617
3764 17
51167 85103 69583 56429 71135 95518 6181 86064 75741 60695 26712 89748 69806 33508 6290 76664 4642
4154 13
2105 3619 50924 26091 32941 51548 816 66068 1117 59035 63752 35994 89968
4278 14
1017 60842 89993 71948 25418 25988 86558 71572 67135 84134 4872 20348 54399 95136
370 16
94177 63098 12080 99380 66522 48966 18799 21353 32684 68900 96575 29325 46210 72080 60985 32555
81 8
50496 46586 36541 50891 84897 10508 13133 44840
1603 15
45451 3401 67702 65493 69034 29990 25215 70693 29603 62512 22941 91212 64885 87388 64443
4037 15
14868 98773 10238 57868 36940 47427 81436 84441 54646 25943 37484 15345 90516 79528 56820
6374 10
1633 19661 82233 74859 3336 18203 46438 73713 61458 39290
2200 11
65165 88829 99833 71186 85916 15714 48075 57766 20587 46567 98647
3597 16
30212 95110 43268 15572 44464 11413 10118 37962 76133 26650 84345 90342 12667 73670 55285 59146
6623 15
31681 42512 49504 89744 26996 96838 31814 60235 25918 2008 2855 70799 33766 27997 4384
1978 10
25345 38207 98454 26571 46371 98923 92074 76064 37793 14277
599 18
65840 77874 84613 56373 86730 12746 11155 89722 2772 70241 78333 95277 91700 23800 25834 77534 87674 87928
339 16
55575 72357 17915 46187 86688 13498 34201 19998 36061 42160 43697 69372 88088 79228 27942 77635
1927 15
40567 86437 73243 91736 23592 23729 3347 37925 57500 25473 77772 33481 45031 32340 27236
6134 19
88845 8314 20223 28511 59575 15130 15983 16441 83989 46847 72197 54442 58272 21341 84770 53746 3 93362 17304
9948 11
4624 24599 90758 23869 74943 15301 7578 78907 83858 44866 55894
5252 12
22191 69887 57648 93958 43213 13382 58442 61595 39537 18168 83512 72222
7075 15
99835 92121 86304 37195 2387 66289 27107 91201 29624 88983 17920 52111 92755 69741 753
486 18
97830 4790 62384 70433 92872 57487 16438 74082 1886 17824 92546 21153 32434 80033 28477 78122 77753 31791
4680 14
28371 7321 19316 43850 15998 41969 41250 72904 44996 58662 71548 45456 95462 18243
205 16
48013 59987 38482 66489 17610 89409 35266 36301 64997 5036 28752 22789 15899 54398 81965 85922
9850 11
38706 48557 40658 92769 94545 37533 47762 51073 334 85252 49905
4803 13
38697 93237 88996 10540 25838 42472 64724 82890 31486 4008 88501 81947 54173
5513 14
56844 71501 87634 44137 68500 87175 49374 65210 58261 4574 3443 85906 53280 39013
984 17
5364 20155 38364 55512 64584 3149 10131 98443 62866 78657 26821 43392 43599 29093 73305 67207 99627
9688 13
10427 71123 39905 27443 44090 97888 76008 9482 10213 1440 70708 89480 42910
6358 12
34072 57792 72205 80031 59815 76175 28890 31301 24049 61447 8841 31332
4970 14
54697 16374 93042 92407 1884 64532 86094 25864 65783 50590 22227 78106 78365 29620
9739 15
68408 75752 59011 52009 65235 62526 83135 5553 1930 94857 67310 50398 49512 5857 75047
3767 11
93034 1089 78158 48637 85214 34176 32577 88197 30125 81517 63332
703 17
86055 73064 49338 23091 66951 89033 56745 36614 70286 79756 49317 45427 10282 39014 97238 73048 75982
5767 12
31307 96643 52470 49950 57469 5930 83394 72635 88407 93394 49779 94611
2890 11
60955 55383 53382 58072 64427 8520 58129 58257 87869 4120 59460
3267 16
31347 19951 74437 21116 39327 74502 6432 54747 30344 37906 61801 32751 16456 31974 91120 34595
2240 9
49021 59757 32689 82465 4273 18780 38090 18272 94801
2991 16
80187 71546 82300 90602 69656 35481 465 85266 37044 60312 11897 37961 44075 3424 5604 11800
124 17
24621 24050 73992 27245 14060 85089 95809 42217 1761 15639 22781 50535 14797 15396 72008 98554 59965
787 13
93804 28454 28770 56648 68117 26830 58404 18196 14260 39007 65673 28862 44816
6980 18
53205 55463 46236 96257 95986 5817 40284 5705 37419 23837 57681 25220 52865 92148 18909 10247 345 57447
5184 8
52462 81290 86390 20590 64904 16570 50275 49202
5547 11
3379 49370 50578 71951 9153 79694 89992 77659 83536 5500 35887
2608 19
17701 94767 70583 49034 37863 80164 11918 79658 63594 86940 54742 36745 34119 56123 36770 99212 54180 46504 54120
6228 13
11952 31680 40575 79731 79417 82742 49933 4185 3471 91247 1098 86229 87492
751 15
51453 91075 29854 5449 33695 18471 15535 59538 92605 74094 70627 59492 94239 65399 15713
6966 10
5047 31074 38473 94353 19073 60597 16670 60828 910 90600
9227 12
75128 42200 67461 30542 63726 66562 43939 98859 18981 38461 14391 27902
3852 14
77060 83839 58777 48069 187 72242 53683 15380 60599 40172 78232 30191 74830 9965
1586 16
99143 64819 81029 6839 72033 75129 45853 9184 37911 98168 70460 46358 59150 79629 91872 42446
7555 11
80645 59433 9913 34991 98853 49271 33388 28735 93960 62262 31057
581 12
70680 13025 50489 72047 91049 76847 59569 82843 32404 9749 9938 65249
8267 11
70464 4126 86889 39956 53145 27492 3538 5380 21054 69202 58405
9805 18
205 53462 25462 3203 77204 55021 34639 60084 63350 85938 64975 69928 82251 30928 61658 57977 23730 30299
5107 8
26124 16207 99782 89436 71935 42282 25261 74495
5272 15
37152 26000 54677 18631 83652 52185 49264 37339 38740 37519 79790 44610 8396 50995 82744
6957 15
41944 72670 69907 32686 23121 89883 94880 8280 35443 29776 97950 4446 93239 16211 51669
1557 16
3194 23157 2858 11168 5566 64895 5543 85028 49134 8127 13668 60485 657 24504 69284 23294
9795 18
82816 40005 63213 20885 76529 21612 27957 51869 21198 17117 43506 66744 91990 41804 76716 47305 20434 65418
783 17
41389 593 99401 50900 32306 89896 63943 68715 92020 99706 2958 18165 14838 67862 55062 85759 42106
8177 17
86465 62193 37076 18057 27778 61129 12332 34772 72882 12082 15824 87722 19949 68303 41349 30779 42461
7173 14
16765 67600 99739 15122 61890 35610 668 24620 50199 83147 8986 56419 48093 45957
5851 19
8445 79965 3982 23556 21720 87530 56563 12513 17291 95728 45502 85653 3163 21555 35601 99002 21719 50129 16980
5811 16
85320 74557 27102 35642 45346 50897 25826 17872 73954 99537 13126 74209 30850 72936 97719 72787
7658 12
8891 20970 40645 48988 6353 16453 55638 62112 25900 47815 31242 82620
4330 10
96715 71274 72368 96206 2290 80442 97836 87042 6287 52496
4811 14
23714 11988 93442 25127 47531 71039 97513 17046 18354 39833 86550 12987 4535 83854
5664 18
90558 48407 99451 46966 62042 59453 89379 79939 64089 71750 23238 56387 74449 23990 26666 47216 35355 6082
8931 15
44975 46470 56908 19568 95780 85129 9389 68618 48430 99045 14270 73278 51296 64479 79669
5064 12
58186 1436 904 76181 45071 31266 55912 84578 92927 43448 57941 65751
3616 15
24409 4476 6260 24798 74985 64419 8386 98656 63529 19065 73492 20764 43823 62922 37257
9285 14
65242 5962 31541 78262 31449 22749 31286 97926 95510 29181 47155 5194 91577 8888
4660 15
39466 49130 50666 72867 62952 34629 82664 6364 10404 18015 49197 68486 26081 53046 8268
8843 15
62185 75867 51046 50624 58949 39604 82538 41602 56130 30128 78685 26685 6612 41879 4463
6997 15
89931 98688 78792 5905 40161 29304 15745 17992 87668 28159 789 87233 72751 15852 66150
2017 16
20243 5622 94563 97604 74179 75426 76967 3036 29367 17264 23740 62087 67785 57327 59125 14595
1516 20
74133 89052 28928 6026 25096 65931 21851 68551 75545 54631 96431 35392 99725 25771 88346 93938 7187 26779 86602 38377
2687 11
22525 73845 33440 74329 10290 75463 53638 30789 18487 26687 4658
6212 13
62838 10024 84445 15924 35388 35386 29498 14766 52625 28692 96981 11374 5696
1721 17
96680 1328 97360 92021 12941 12706 26762 75648 9681 13436 1271 45900 29998 6368 979 46182 49144
8705 16
90488 10597 95673 30052 32535 92879 96302 76391 6164 24516 36907 82756 90814 96945 38588 78570
5888 11
99563 94808 27297 98551 60794 82769 37781 79012 363 70538 9853
2457 9
73007 58821 8334 24780 77001 23508 55480 91283 36987
1668 16
44718 9362 36335 24030 55783 58743 67446 45921 46296 40392 71723 97548 77215 17657 54122 77181
9108 13
67184 69876 97664 3767 2947 44442 42463 87785 10878 5784 14044 45545 21047
3766 9
97610 53710 41609 98159 72504 89793 24788 52837 96098
4083 9
52309 1959 71983 16089 17715 23437 43990 92141 3262
2995 16
21413 74081 1247 34544 52146 9318 19261 18246 57138 30202 52134 19577 30414 5441 84242 5274
8211 11
91735 93585 30378 85379 38720 38438 81279 24150 12421 15603 89942
3809 12
62002 53060 1735 42530 86093 51822 74886 76234 57952 18727 63510 59913
6733 11
26945 93077 89258 49628 29486 95617 99115 22144 37530 16580 43975
6751 11
92329 82752 53100 53945 9499 3186 91002 84948 97696 57764 46146
8320 14
49543 86129 13637 94397 17762 77037 69324 16933 55364 97554 70174 80907 98498 52387
2868 15
97267 93229 13782 28241 26426 62894 82584 77889 13959 58064 64559 74618 68021 16062 97707
9761 9
91084 54689 97918 97684 74259 28058 61586 3750 55044
2075 17
24782 49072 84055 68423 1448 18433 18122 39879 70852 86288 50393 41424 99139 69430 39111 4859 38228
1843 14
76691 55459 79895 54642 20750 15645 43019 92956 36624 60475 62212 87532 37441 28056
6517 13
94997 68098 54157 30237 48405 15326 21435 96553 69713 56846 99325 82125 47637
9562 9
90086 17388 24074 78801 6065 43028 73374 66324 82933
2611 15
20379 72537 97483 2013 85641 57813 35787 52184 42207 20784 75980 71017 55573 2252 70329
3258 14
30095 45434 57657 88380 54329 95274 99284 71469 12543 48024 4559 29180 77319 40100
5095 12
10740 2442 9341 73565 35594 35743 72588 34202 57603 23429 49580 54888
9548 12
5328 33079 12593 79741 42365 49282 76966 2920 87321 90100 50610 65341
8392 14
69215 80643 41824 29951 42060 20066 99981 6519 96946 32513 95714 96203 2231 36885
4367 15
17724 83811 27337 8973 83027 16329 55056 17410 44992 69318 72896 65627 92503 87161 62775
7258 13
13832 49014 66786 79746 73383 53365 66192 83588 79404 80630 33015 60285 51793
301 7
32502 27535 59599 79443 97084 12478 61545
1973 13
28670 94800 27527 50348 37676 96683 14394 94537 24433 68673 65534 5102 55929
7843 20
20265 17796 13585 31208 40070 5667 9698 99266 45791 15016 3970 75591 40884 44404 31352 74467 42817 77573 38684 9526
6597 9
53302 15458 7440 65480 88275 36057 61254 3198 97363
6464 17
78557 73781 58880 71231 73743 49221 42483 37271 70117 7568 84763 66338 51166 88610 42093 7421 19163
2086 9
71240 64126 8855 22534 69080 50175 10082 10909 21483
983 11
8149 74032 80601 22963 94891 23431 63719 42650 21861 13684 1403
5776 8
89738 29014 17658 90500 97822 51340 68503 83053
8338 15
43634 9198 26755 20665 77152 55329 2866 50955 1492 92112 68732 12663 39620 21354 51741
2250 14
38008 10297 87671 68845 14779 46943 19243 52198 54812 3417 3737 95542 84817 70257
9064 12
53135 11002 26172 48449 81296 27417 75503 50724 59567 14144 63288 67031
458 14
48823 30142 15900 31129 56783 97306 52949 43977 80536 11323 50016 28423 45076 62355
2959 19
10966 79181 53266 21030 24428 59342 78222 95288 7950 45449 90280 52491 34390 37926 52099 87495 47127 93502 50771
4662 15
37350 57780 21831 52840 43931 13801 97067 69919 37001 84548 81664 80872 54332 33622 65523
9200 17
95783 40998 49335 23736 5786 75076 72874 94798 26733 90870 81025 59635 15517 8628 13319 23611 21877
8187 16
57938 63223 61322 35740 82547 64157 65517 77852 43429 90677 58699 23012 81073 64372 45064 63820
54 12
67037 84312 25896 13920 72890 42403 52778 1443 97254 81349 16396 49211
8563 12
75952 57728 49851 94874 55323 52295 43239 67599 34045 63806 48599 74839
3684 13
36274 81144 73767 64184 52341 13979 3879 50494 66179 38487 15994 75138 65974
4147 16
6268 11132 24947 46175 33093 38677 38934 79094 63804 91867 76138 8048 13521 74226 40572 976
7653 13
61981 15142 74535 46959 67146 96204 72998 87106 72832 75607 7168 74280 81156
1394 18
2359 1096 11683 81438 88850 66090 54932 77041 94512 15018 15424 31292 5295 39712 62801 15102 24054 63950
2776 13
29441 93717 21246 78989 59690 6571 12399 12978 85673 20680 39135 18378 45737
9353 10
37027 31682 70253 81804 42507 20075 93341 78811 53825 4698
2269 19
13151 68373 36013 77141 83406 54550 7341 37632 27432 25367 24443 16400 77337 54049 48995 21349 79711 60244 96225
1920 10
92944 41403 23506 72215 68831 8964 16968 76614 80107 43813
4841 17
16869 68809 30124 7808 70483 84252 22895 95896 77788 58540 18979 48186 44077 28319 40990 18121 61695
1868 13
26663 11514 31924 62025 61130 16181 68996 57376 50201 96293 57160 23550 7898
7962 13
3570 65577 25422 10378 26538 31087 84798 61830 31423 32658 73718 23048 33094
918 11
26806 50606 76152 48558 3345 26656 12247 92080 51025 50540 67123
4134 11
51236 94628 32660 20179 92683 50719 99695 31823 96714 65192 83069
9488 18
35734 65239 48457 15888 54925 88831 46060 38918 84273 29148 6478 68383 56445 83841 64962 69093 2066 65138
6916 12
11809 72127 99970 50484 73880 52775 69602 41285 30454 70456 28824 1234
6745 15
62429 60746 88542 47585 69744 35824 780 52664 52174 44584 61366 85155 49435 26657 69730
5981 14
40538 13890 8497 35899 60168 13581 66557 13949 31851 74969 59199 52751 99955 70177
7293 12
14667 70986 49312 51647 3704 36429 49885 14763 57054 73884 13465 44087
5397 15
53613 46379 25888 53554 78555 3816 53189 54150 71639 27789 5699 77282 94475 15078 73351
1846 12
18047 88545 45443 1576 46687 96310 90456 48915 96807 33501 71831 59613
7025 9
52644 5509 19809 18708 19506 81812 98482 33186 52788
9017 12
91709 14022 5712 19329 26768 60619 43329 91072 80430 42812 65630 95557
8848 11
75239 24353 86294 52782 1925 23014 86770 15262 31345 36789 88061
3963 12
2032 40951 77271 14372 46136 44899 40175 5135 8815 84695 86171 38634
5532 14
77124 9624 75618 36759 45150 76154 64219 20449 84803 81458 4594 70554 56444 99553
6250 8
42263 77964 68517 83285 22583 93367 79149 3338
9767 16
72338 84385 95529 20734 51380 18458 87893 27427 64491 20073 49839 25318 87193 49889 63897 65146
7159 14
78410 34573 84649 1623 72887 39578 7829 53138 79578 18427 99647 66644 38087 84160
1212 11
5410 90835 921 37877 71442 27182 81490 85212 23846 1444 88741
4001 14
13030 21650 90042 65591 79390 31140 8528 97667 51954 19280 81051 13888 29890 45852
8582 10
95124 60342 36499 73331 41460 90971 78272 56004 91550 36362
4194 12
40861 16943 13128 73906 53815 56177 66263 54420 21300 23520 7184 19288
1331 12
69820 69818 38127 59676 25333 72124 53581 3541 86946 81015 31281 59974
3423 13
76678 33003 62122 39312 39192 82192 48157 58117 26412 25385 4815 75475 84195
9312 14
88158 34322 5353 76324 96352 59080 77836 93431 41740 95765 88418 70382 21840 20782
5561 18
78902 86943 89336 22333 83556 56036 45745 16694 95691 22956 46088 19769 60024 62957 63862 77839 88233 66602
2943 19
89074 42824 10040 34734 14627 36728 35038 19155 56395 38998 11954 4916 61497 68429 56722 68857 48077 8051 90985
7506 14
38236 50423 57125 75419 8129 59395 53271 86524 64897 16417 97004 70054 13059 63738
3194 11
83891 71611 48668 20979 4095 67871 73420 12605 87799 76102 87381
2144 11
7776 62673 39234 65933 40437 18220 2623 37470 36485 59023 83373
5836 12
74107 21366 99548 93283 4677 47206 69869 16605 59628 11646 78095 15179
814 19
41032 23036 55991 74620 46466 84848 52641 17022 93376 54707 50581 84488 75362 49076 63855 36942 97902 5977 93737
3552 16
43720 31819 89918 68779 4127 85967 42 12167 69434 15879 53591 77022 64890 46670 39157 58989
6370 18
33734 46583 427 32239 37690 34253 18097 91160 32566 93433 94898 93870 84683 48312 43840 60385 40362 25601
4853 16
80141 9809 74221 58170 51385 27704 28220 39635 81420 29828 87178 91163 2315 83369 82652 81512
264 17
73181 32309 59053 88161 99300 92154 51971 49444 43906 12083 68055 99607 33829 25941 49927 26064 69178
5868 15
28704 27020 88255 48711 65984 12983 87977 16447 98874 92859 66193 36045 90940 94951 8171
3164 7
49782 7633 61670 72596 31190 67484 97316
2900 12
63775 64218 51805 28661 71673 15207 47321 5624 8159 314 21725 42158
2595 18
68600 24051 74434 65394 6211 14294 53077 47277 7402 43589 89403 37988 99774 85163 21527 32210 58789 56102
314 15
63165 1523 93867 44995 50012 59963 60167 22302 10109 84531 64337 88138 70539 92456 64334
2161 12
85231 60933 8541 77726 35535 42313 79403 33316 54735 11177 27813 29731
6137 14
49339 2745 93606 20860 29301 94337 87126 39948 84257 11968 74131 53930 73726 30085
6423 18
6832 18339 40246 95350 95909 60935 7116 51462 64766 77451 59936 10228 83681 23991 28524 9657 92164 29438
1229 13
79616 90096 42863 89893 69387 11794 11142 52749 50904 8896 76472 79141 63469
5450 17
57511 82616 22566 68959 59419 57238 38670 53752 14522 71235 63132 65428 77409 56603 15446 29993 53725
6199 17
38996 13104 22032 84358 44224 96845 98086 1336 65281 29741 65090 22697 36955 68499 57607 87878 35333
1314 18
63642 64889 39913 66611 52397 97131 24981 39692 20714 55018 3071 12496 29706 38917 87717 89598 46120 52882
8101 16
85863 77330 7489 19326 44892 25853 27883 9825 4386 69595 87425 46390 8586 96290 69837 87912
20 15
79689 88220 54544 82710 37314 92494 60514 83263 6642 70902 21904 54112 68344 99671 56269
3156 15
60921 70022 44433 17659 48445 93278 41314 20300 18056 82727 5883 69169 68184 43827 94725
8363 19
86460 75160 19297 8218 22066 24495 10067 58215 52197 4338 95698 79757 77027 21268 21457 17958 421 13267 12905
2738 9
60345 99070 51020 79375 85669 11467 29926 80013 87867
3730 9
53438 71144 68549 12766 87049 77932 40837 86078 54628
7215 17
3786 9900 43626 36227 5056 31228 79452 71225 31435 44747 54209 26852 40909 71422 96816 30747 74385
3837 17
77213 22974 98230 52789 9470 81538 27601 62685 1730 64520 91342 77605 89564 48163 64117 76390 25504
3201 9
30259 54824 62462 99450 51060 89925 8566 69498 86729
5968 11
34276 45326 15547 53808 17157 25980 92878 19106 52656 72515 24225
7967 17
87274 43138 30594 96830 20191 59764 76043 71696 70732 85309 40555 81258 81907 82680 3249 58473 48520
4856 17
32873 52296 32158 67208 59925 64631 6048 64511 49228 98471 80444 68185 35274 44805 47955 29110 12493
5736 12
6524 95208 6920 99003 20135 90598 5729 22150 55280 32846 47874 66362
6001 15
73661 15542 9506 95049 18285 2465 51208 16340 23407 79879 79986 93593 49955 68073 44179
1048 14
51088 48944 2777 80509 35936 93924 87605 2719 98940 26530 73942 36777 46095 40363
6185 16
43886 10957 64503 26521 88182 94908 13777 85140 39140 75533 1550 81670 53631 4259 92901 49168
8649 12
33636 62417 61716 68823 26555 89832 30396 89830 25295 94712 53719 45589
4319 10
92950 88250 64662 83203 61789 67521 5288 28815 31577 7365
1453 17
17714 25123 54983 15385 56190 28208 24651 38811 66733 39332 74243 1339 61255 70749 68226 51412 22832
5171 20
16578 35832 10543 49129 52278 83485 98516 58294 59834 71222 53013 31258 22050 72825 72316 8111 32968 57161 30835 80163
9727 15
21659 77325 45536 20541 92862 72509 81701 17277 63900 89789 93758 94368 29176 60306 96640
228 12
88076 44984 50459 74918 89338 83972 17954 92786 95860 71514 39747 46001
9362 11
54382 95185 60154 35128 27397 6204 67219 58347 67228 29861 46488
7071 11
83596 32802 54358 83688 40860 49768 61317 93910 72570 67657 28620
2986 11
14964 42996 94600 90172 9746 5536 75541 18884 10776 36128 6110
9002 17
62316 12124 52024 13716 74681 58943 86336 39863 99659 57226 2591 14234 77985 31122 42901 16782 34020
2287 18
37959 29041 76604 20311 9081 19265 25463 53458 43334 19960 28412 11353 76323 79671 61029 43938 28578 35555
1590 17
91546 42873 2134 23648 74549 9828 80717 90864 22519 83061 8255 27041 67334 16264 75650 39080 94592
7336 11
53506 17312 61303 69006 94669 78569 27754 38360 47954 86799 69828
5465 8
96489 71758 19351 98642 35703 61574 7394 78779
6899 12
95073 51050 94621 10095 83721 85338 7382 66671 56318 85529 36977 66595
4148 11
42985 29142 55818 20686 40062 41458 57102 67569 43422 15851 55540
2783 14
52842 14714 42792 23568 86454 71281 93047 56288 95945 59093 441 76368 17055 7560
8427 12
3442 82839 79441 50819 82993 10276 43211 3291 28841 79329 63169 85437
7197 15
79354 40527 45087 9789 60373 57881 37221 35493 57825 50884 22905 29183 47711 32052 23852
6939 9
22972 62718 51249 35146 99366 84569 87628 31143 84101
357 16
61351 92139 33060 10222 25803 56416 19929 80180 65813 93205 68392 44175 9152 13082 41663 29489
9057 8
38881 71744 59245 18014 64756 97977 77978 64042
6219 18
8084 93785 33899 67009 22345 87990 91854 62356 97494 79843 63692 71785 35430 95567 60243 22313 43379 34281
7596 13
81862 66760 91901 16692 53105 88000 61973 85366 18729 49993 8137 71878 96342
7674 14
13561 85631 99203 33430 83532 38030 40955 92671 96371 96548 34604 22822 23230 48355
8818 10
42040 70211 39943 2506 95488 294 27965 86782 18827 40659
7547 12
42088 19121 31634 18581 97634 11188 96499 71245 57320 97624 18441 63364
5333 10
34539 70725 73657 35445 22559 33909 79968 84970 65404 39407
7922 15
71172 50517 28021 44733 40713 55821 53090 68941 27539 59814 66895 93038 27402 87544 30135
9833 10
74638 74124 14706 60218 13060 63306 4580 29207 69354 33929
7191 14
5609 45325 55252 33140 35312 19977 60405 86154 39828 84098 12118 20961 55622 97099
7438 18
92491 76815 43162 1137 35463 42865 51686 50938 85581 86426 68645 74677 82920 7093 59314 89848 39760 60101
3746 10
70965 34676 16279 21330 53511 2367 87652 17229 66857 48137
9956 11
84525 73679 97509 38387 83481 26478 32066 882 86895 39065 51185
9705 12
58906 79893 53875 97209 42775 15915 26274 96765 68451 13389 60926 45949
7296 13
49203 79028 9476 11285 77828 41134 33372 23355 32866 2547 36981 54115 12073
7050 19
53270 13613 34199 40683 11958 63853 85014 79055 21397 54619 37315 66657 45019 57452 39815 41269 35575 6540 84806
2778 15
53630 5212 64301 10732 12271 6688 13424 95289 7237 11107 75312 5981 61039 66600 95839
9168 12
78390 22703 34540 96405 28484 26275 5391 52598 5688 81278 643 18334
8793 12
81521 67518 73535 80599 14752 40743 20512 52159 58865 64717 84170 56029
9406 15
5841 90664 38995 99727 50040 21811 37802 61802 21450 61266 71155 99666 34427 4440 99586
2373 14
95985 99184 91996 57460 60194 42763 81065 90410 29834 80114 79075 80700 90475 2562
4101 10
840 65631 92118 16166 39838 8983 65510 30611 37650 97993
389 15
62520 3777 2817 46437 60813 80513 98125 89658 85213 97289 91243 56458 31056 16355 60971
9007 20
81262 60182 80618 14445 4163 59658 12347 43561 14134 20795 44806 20561 29593 80807 92554 35901 95500 83338 84699 5882
9775 9
63160 63112 40064 58834 7553 65172 75873 51106 10071
7302 10
69412 98405 76795 91896 37237 15124 95949 24210 90996 4551
6330 12
27328 80921 78765 16610 58730 27979 28898 2361 30262 5528 73012 95250
7056 14
82737 50333 87270 31978 35195 59871 13906 26790 34265 98579 34090 44962 21399 11513
8422 11
49918 27526 65703 70695 73609 1290 62578 17780 32319 71702 27225
5931 14
49252 96836 99511 9728 40080 44063 27522 96216 25042 49678 65322 45909 33896 17093
2226 13
79796 740 9795 33954 18308 44943 9502 68747 24483 95260 23875 34256 87424
2392 17
5874 45798 19690 61950 20247 49985 24706 62322 50451 49173 27503 13110 61279 42608 48016 60584 95757
9096 9
22767 38478 95825 37455 83646 37806 85824 91376 35543
6355 15
97645 41965 33872 70258 20133 65387 94618 50907 17030 62766 56480 31177 44783 10185 91485
7177 11
92866 37924 3402 79707 28825 2230 7818 98723 41812 41307 91994
4922 13
96621 49962 83201 62477 81163 80026 25913 93774 34812 55496 18904 93787 60538
244 18
43784 50970 51630 17087 65886 3219 38566 78929 48079 59760 45461 33480 93849 79996 51324 97936 79153 68514
6152 11
28053 5991 71306 14160 94538 6315 3713 75597 23049 16806 33034
7055 18
81023 85440 46837 47588 68734 98464 64873 26688 14473 72689 54449 71061 27108 87519 64470 49137 26465 28931
9342 18
50743 45719 68511 99237 8794 79450 87459 1919 3597 23403 71781 70869 12970 49258 26016 54335 73823 40759
6536 12
91558 66779 35677 32258 19140 39187 13986 63845 24902 87480 87706 98272
8951 8
42317 14094 6716 9708 84563 65174 41158 76806
5756 17
65536 53238 96998 63638 56170 12744 61638 47231 93402 34190 41802 38831 3436 29088 35867 15017 84478
7256 16
33739 25935 24119 41554 8926 65158 10760 50095 5014 86858 13834 65334 36733 12778 25048 2354
7366 15
21410 8121 71278 63615 43530 70600 99933 83223 19856 50284 36123 17681 31079 62596 74171
6317 12
70562 51179 26906 65067 34123 14393 29715 5059 49760 91565 55362 16788
1504 17
89495 27272 73289 60114 6788 33029 55493 5201 87612 81801 76629 36228 10783 25159 95023 12996 39026
7833 18
48921 80729 81100 15040 75439 28263 27970 6455 13335 25955 17284 55296 951 65603 77924 82706 28929 96292
1960 9
15752 64186 67313 63258 35270 71320 30379 90691 13869
5292 10
35718 63012 6050 79406 18357 68171 8503 94883 56218 70906
9508 13
24235 75059 85823 14879 11493 97151 76912 40741 5450 7592 92230 12510 78213
7330 17
64336 99326 62727 36096 62179 2640 28662 43214 1405 1190 50827 67048 73596 7272 46124 98435 49032
3483 17
90279 42098 11010 87119 51336 82304 72828 94901 909 87024 94004 30642 18848 91934 88637 38455 69536
5607 17
87884 13976 52916 40859 1577 47916 93808 59715 1237 35592 99744 66512 1411 49891 2953 25977 86135
1702 16
93013 48446 93145 67628 62626 93530 37974 83136 52945 96195 54745 6883 41154 54155 44058 63244
3719 16
98025 81004 47367 34807 37449 80832 26483 7953 41713 74216 89283 90708 38987 23489 97039 94938
337 12
42781 44595 21105 60311 90248 2378 60537 92183 22544 36601 92029 54872
7085 18
1085 28941 59008 74389 18032 22645 90552 69414 49080 29796 177 58960 69555 11216 92421 65478 32294 45590
8933 17
89813 72257 83958 15618 88991 13688 28327 81761 13356 12602 80083 24853 55138 56987 7347 96832 51725
2119 14
95209 45675 12283 27592 88212 23288 40627 39745 4940 76818 93238 34485 10162 59456
7144 12
14823 18744 37322 5314 5652 10946 33668 24144 31277 1796 15389 2316
3245 11
16918 34803 16529 13640 25424 44312 92454 53768 23154 38197 12848
7907 11
54876 63146 82384 74383 40188 63711 8279 70710 89799 14489 50501
5589 13
30920 93461 16716 18607 63705 41680 8447 59911 7436 59009 68026 32515 99825
1608 10
79704 12726 47564 86287 14835 52406 88903 22913 26173 78176
3862 8
15225 92766 68792 13943 71775 49033 44330 17058
8316 9
47223 57841 71145 90133 15930 50564 35067 88459 16936
5950 15
25452 42850 30523 85222 91878 1357 79797 13810 2055 78148 64882 84196 3008 39675 14756
6129 7
76567 10774 18743 85677 14224 60913 95606
5077 19
43978 15771 46349 38513 40690 42553 16354 43188 9076 48864 73937 62924 82116 42398 79743 40668 86166 99816 61882
5209 10
84635 12680 75315 61280 34368 72848 49841 20287 46531 20286
7995 13
76518 7514 78404 25285 19974 95027 30852 72285 47295 5768 64041 74621 96627
6446 17
97353 66792 68545 68205 46530 53448 69144 36923 35735 27618 83774 98393 35871 99013 78839 10142 58291
2766 14
63970 67435 29003 98781 64813 8959 87284 25862 75043 49417 362 95311 84355 17508
3034 18
44302 45572 70245 1035 25349 50059 69266 18416 28057 88522 91869 64024 67044 64825 65198 41881 86482 97841
6779 14
96152 42236 81514 80698 32041 23458 17379 28854 41851 47812 2282 47364 64426 24773
5850 16
31379 77873 61219 59172 74062 84580 10978 93765 47391 59326 59268 90104 17739 37964 27306 83442
7090 11
71745 28481 30731 8248 86108 63136 74670 52946 44533 77435 90273
811 16
94207 7006 87847 13093 66814 33777 60123 32257 58470 36628 18871 84120 50881 19254 11148 68738
7013 13
55639 67787 21747 36084 28612 45430 52400 97797 58887 30790 2619 16940 65760
1044 13
60239 32697 36160 46398 51997 46663 35191 47616 72992 14907 60159 2081 60633
