5
85 98
9686 19963 10946 24593 13738 19829 12052 19804 11989 14717 16314 10342 8500 21078 13293 10960 20433 19806 8324 6428 6474 20972 20629 7153 6514 15783 20102 7493 9681 7471 6882 6630 12940 25039 9606 8232 7803 19882 14973 8712 18449 11970 16652 16494 8377 14409 12967 8140 9762 11974 20660 18778 6582 13553 10102 24334 6483 9178 19907 21073 9268 8624 17395 12665 10491 8362 17621 39509 17334 8147 8168 9016 8338 21027 19897 13204 11957 8155 18153 13357 8675 10199 8406 19802 8880 18045 8181 20446 11959 15199 15446 12311 7477 19844 19803 19818 6529 9664
227 82
31850 7268 32464 26824 46305 34967 31616 31185 25265 32839 25938 31309 25455 31069 31201 36113 36313 37159 31178 31160 36928 36866 31939 31531 34857 31215 31806 27478 32491 31318 7807 36456 25707 35095 31243 37389 34647 36176 31126 25239 31306 27284 32746 30969 27670 31087 30953 25442 31207 34835 32487 25331 25382 27587 31221 31143 32264 27794 31117 31263 34906 29946 27692 25117 27576 30697 32436 35236 34841 35768 31112 25088 32218 35109 26749 36883 26834 34864 27644 15674 27967 31244
203 86
13542 33777 14941 5968 35961 26985 27784 28141 5791 19189 27655 25090 28102 25753 35455 1128 23184 34450 13181 20314 33183 897 33799 25668 29922 818 28119 26414 16860 20191 27647 15938 17718 30684 33077 28155 25421 26739 23444 28171 34855 35347 42841 35328 30677 35540 25510 23171 5375 3639 33182 25848 23572 25696 3070 25193 31277 23504 27425 25704 31032 26817 35337 16426 27780 28101 27072 31066 35335 28151 33772 28127 30181 13636 35427 15313 28156 28031 25248 32185 26752 4984 27347 28166 25190 30922
331 90
13408 20823 17721 13993 14002 16317 20788 18136 14076 16255 12566 13963 20776 18126 13920 20807 16242 13054 13191 23545 18445 24918 13339 13372 14081 12722 13329 13335 14017 13043 14010 20512 13342 12768 13159 3393 14088 17898 15178 13130 41432 13095 21805 16350 12911 20942 12698 17794 17652 14078 13478 12691 18150 14074 21361 13376 17998 12817 23468 12621 18145 13531 12755 13207 20901 17398 20879 13978 17351 14087 20919 20812 21731 23795 18064 13086 18166 16285 13074 13359 14050 24039 15705 18146 18139 20777 15957 13051 12833 12581
301 26
1612 10087 2028 10684 11371 10063 5593 1336 11477 1353 1782 11140 1749 2500 10584 1722 9927 937 1724 2773 1359 18725 2573 1430 2488 11900
