5
126 90
16029 14280 6895 15778 1150 12774 1690 17993 13111 15107 10731 2659 7162 6912 1336 17397 10099 246 2371 15690 2899 6690 15724 6910 8232 9140 637 12795 13098 19576 18990 12684 14297 12823 1215 12752 1319 18584 13095 19513 6712 13528 10419 13059 32451 4853 1751 6901 20463 2674 18985 13078 20604 15718 10368 15777 1718 13180 13037 10474 18963 14582 17369 2134 15388 14263 6919 12604 3096 8501 224 6923 2655 15689 19522 275 15705 11234 19558 8480 16226 13104 2424 19529 17266 20393 17444 19505 12504 268
29 100
8515 3270 5136 6807 10273 12052 13974 5390 47557 8287 8064 5194 6809 5593 10719 11792 4431 10122 4074 8660 10392 6776 11835 7901 7410 6514 5036 5158 4913 5243 3177 8435 7911 3427 5477 4657 9926 3944 11293 4935 6491 9869 6485 3862 8582 9849 7844 4658 10257 4572 12079 8188 5371 11798 8028 10188 6613 4753 11858 10108 6475 6591 10594 12517 6586 10761 11295 3306 6635 8308 4198 12014 5341 6488 3328 4535 9420 10292 5204 3283 5195 8274 10990 4705 3335 6694 9932 11290 4998 6327 6663 8532 4707 10927 5244 6481 8253 10611 4481 10104
30 70
2187 8333 7053 6020 6051 10862 8716 1631 3828 3409 8485 1274 2213 8526 4312 4570 1421 5905 5946 1989 8665 8198 6403 1269 2279 6062 1666 4655 9098 7990 7794 3446 7845 5978 2682 7325 5892 5895 7497 8479 5973 7071 925 6421 7866 8548 7353 240 31537 7375 4284 7892 6037 24108 7755 5991 5989 2324 7284 4291 516 7261 5981 8869 6110 5910 8789 2063 3994 3376
203 86
13542 33777 14941 5968 35961 26985 27784 28141 5791 19189 27655 25090 28102 25753 35455 1128 23184 34450 13181 20314 33183 897 33799 25668 29922 818 28119 26414 16860 20191 27647 15938 17718 30684 33077 28155 25421 26739 23444 28171 34855 35347 42841 35328 30677 35540 25510 23171 5375 3639 33182 25848 23572 25696 3070 25193 31277 23504 27425 25704 31032 26817 35337 16426 27780 28101 27072 31066 35335 28151 33772 28127 30181 13636 35427 15313 28156 28031 25248 32185 26752 4984 27347 28166 25190 30922
42 28
878 20688 9579 24609 23548 7385 24561 19233 24505 24601 18868 5142 24621 24576 9417 2751 20459 9826 6627 21252 23747 6970 19705 823 18837 18819 23331 7746
