5
27 97
17829 10782 17457 2849 4903 17599 11277 5833 14383 4972 12559 1799 17957 12887 15153 4883 8528 2414 17289 8485 11235 15309 15302 14979 4960 18313 4925 17325 12614 17603 13060 18763 4804 12738 10397 14905 12576 8493 17414 4971 13833 4843 8990 5292 11598 11225 12704 4872 9745 2912 12648 2562 1778 12692 17719 10339 8354 11711 18725 14990 14925 15561 15393 2163 15621 13580 8392 4754 15587 12737 14896 8387 17486 15491 4860 11756 17488 18403 32847 12317 2421 11248 18789 18774 12685 12601 2525 4959 14461 10268 1926 17444 18306 14897 2876 4815 11683
58 84
6111 9821 40 2940 2551 23898 23132 23897 1897 23877 6198 392 7275 23729 647 2507 22612 23801 23867 23766 8879 11149 47190 9972 120 10174 16248 23081 16573 23849 9606 23721 11833 24612 5635 4285 6231 206 22958 4043 5018 21955 9830 7841 17763 5550 5840 23230 4041 8622 5269 21968 24182 11522 513 8829 9418 23638 7287 23817 23379 423 9588 8386 9464 7847 23853 11326 5716 7452 5381 23416 21962 22268 7290 4347 22849 8270 11319 23373 7272 21994 9181 23894
357 70
24309 24455 19509 11005 1130 5665 12544 13446 351 18378 12716 21542 15702 12545 22803 19982 199 1399 1962 2963 6184 2744 22109 5150 12546 5297 41 215 5397 21481 21021 17276 1960 24949 19735 21841 2036 2222 796 5577 3935 17249 47126 18670 6017 1174 19291 5572 12582 15744 1988 15772 12770 21171 2695 1056 17052 18966 313 19412 24765 23240 15871 17316 1496 20002 196 16588 20 4813
273 90
11717 1417 11472 900 2385 315 2448 2699 11184 901 11745 2387 5984 2428 418 9443 11322 741 11396 9843 6007 11105 10287 4089 10532 10872 4346 9422 5886 9771 10446 2361 10242 3165 4364 892 797 5050 2449 853 5057 769 2396 3826 11086 2374 5685 10388 10282 3772 11206 4541 40184 10747 10541 11704 11814 3331 3178 10053 2427 1142 9913 2842 4406 884 980 848 10759 10798 2380 10425 2398 5708 2356 469 23951 4409 4363 6147 9829 3152 10310 11741 2481 9509 1139 2359 58 9533
203 57
13542 33777 14941 5968 35961 26985 27784 28141 5791 19189 27655 25090 28102 25753 35455 1128 23184 34450 13181 20314 33183 897 33799 25668 29922 818 28119 26414 16860 20191 27647 15938 17718 30684 33077 28155 25421 26739 23444 28171 34855 35347 42841 35328 30677 35540 25510 23171 5375 3639 33182 25848 23572 25696 3070 25193 31277
