215
0 6
0 1 2 3 4 5
1 8
6 7 8 9 10 11 12 13
2 7
14 15 16 17 18 19 20
3 7
21 22 23 24 25 26 27
4 9
32 33 34 35 36 28 29 30 31
5 5
37 38 39 40 41
6 11
42 43 44 45 46 47 48 49 50 51 52
7 3
53 54 55
8 6
56 57 58 59 60 61
9 8
64 65 66 67 68 69 62 63
10 8
70 71 72 73 74 75 76 77
11 6
78 79 80 81 82 83
12 7
84 85 86 87 88 89 90
13 7
96 97 91 92 93 94 95
14 6
98 99 100 101 102 103
15 7
104 105 106 107 108 109 110
16 7
111 112 113 114 115 116 117
17 6
118 119 120 121 122 123
18 6
128 129 124 125 126 127
19 8
130 131 132 133 134 135 136 137
20 6
138 139 140 141 142 143
21 8
144 145 146 147 148 149 150 151
22 10
160 161 152 153 154 155 156 157 158 159
23 4
162 163 164 165
24 7
166 167 168 169 170 171 172
25 7
173 174 175 176 177 178 179
26 8
180 181 182 183 184 185 186 187
27 6
192 193 188 189 190 191
28 8
194 195 196 197 198 199 200 201
29 6
202 203 204 205 206 207
30 10
208 209 210 211 212 213 214 215 216 217
31 4
218 219 220 221
32 7
224 225 226 227 228 222 223
33 7
229 230 231 232 233 234 235
34 9
236 237 238 239 240 241 242 243 244
35 5
245 246 247 248 249
36 8
256 257 250 251 252 253 254 255
37 6
258 259 260 261 262 263
38 8
264 265 266 267 268 269 270 271
39 6
272 273 274 275 276 277
40 7
278 279 280 281 282 283 284
41 7
288 289 290 291 285 286 287
42 9
292 293 294 295 296 297 298 299 300
43 5
301 302 303 304 305
44 6
306 307 308 309 310 311
45 7
312 313 314 315 316 317 318
46 8
320 321 322 323 324 325 326 319
47 6
327 328 329 330 331 332
48 10
333 334 335 336 337 338 339 340 341 342
49 3
344 345 343
50 7
352 346 347 348 349 350 351
51 7
353 354 355 356 357 358 359
52 6
360 361 362 363 364 365
53 8
366 367 368 369 370 371 372 373
54 9
374 375 376 377 378 379 380 381 382
55 5
384 385 386 387 383
56 10
388 389 390 391 392 393 394 395 396 397
57 4
400 401 398 399
58 7
402 403 404 405 406 407 408
59 7
409 410 411 412 413 414 415
60 6
416 417 418 419 420 421
61 7
422 423 424 425 426 427 428
62 10
429 430 431 432 433 434 435 436 437 438
63 3
440 441 439
64 6
442 443 444 445 446 447
65 8
448 449 450 451 452 453 454 455
66 9
456 457 458 459 460 461 462 463 464
67 4
465 466 467 468
68 4
472 469 470 471
69 9
480 481 473 474 475 476 477 478 479
70 7
482 483 484 485 486 487 488
71 7
489 490 491 492 493 494 495
72 8
496 497 498 499 500 501 502 503
73 5
504 505 506 507 508
74 6
512 513 514 509 510 511
75 8
515 516 517 518 519 520 521 522
76 5
523 524 525 526 527
77 8
528 529 530 531 532 533 534 535
78 5
536 537 538 539 540
79 9
544 545 546 547 548 549 541 542 543
80 8
550 551 552 553 554 555 556 557
81 5
558 559 560 561 562
82 7
563 564 565 566 567 568 569
83 7
576 570 571 572 573 574 575
84 5
577 578 579 580 581
85 8
582 583 584 585 586 587 588 589
86 7
590 591 592 593 594 595 596
87 7
597 598 599 600 601 602 603
88 5
608 604 605 606 607
89 7
609 610 611 612 613 614 615
90 8
616 617 618 619 620 621 622 623
91 6
624 625 626 627 628 629
92 9
630 631 632 633 634 635 636 637 638
93 5
640 641 642 643 639
94 7
644 645 646 647 648 649 650
95 6
651 652 653 654 655 656
96 8
657 658 659 660 661 662 663 664
97 5
665 666 667 668 669
98 8
672 673 674 675 676 677 670 671
99 6
678 679 680 681 682 683
100 7
684 685 686 687 688 689 690
101 6
691 692 693 694 695 696
102 7
697 698 699 700 701 702 703
103 7
704 705 706 707 708 709 710
104 7
711 712 713 714 715 716 717
105 7
718 719 720 721 722 723 724
106 10
725 726 727 728 729 730 731 732 733 734
107 3
736 737 735
108 9
738 739 740 741 742 743 744 745 746
109 5
747 748 749 750 751
110 5
752 753 754 755 756
111 9
757 758 759 760 761 762 763 764 765
112 8
768 769 770 771 772 773 766 767
113 6
774 775 776 777 778 779
114 10
780 781 782 783 784 785 786 787 788 789
115 3
792 790 791
116 4
793 794 795 796
117 9
800 801 802 803 804 805 797 798 799
118 9
806 807 808 809 810 811 812 813 814
119 5
815 816 817 818 819
120 7
820 821 822 823 824 825 826
121 7
832 833 827 828 829 830 831
122 6
834 835 836 837 838 839
162 14
1120 1107 1108 1109 1110 1111 1112 1113 1114 1115 1116 1117 1118 1119
123 8
840 841 842 843 844 845 846 847
124 10
848 849 850 851 852 853 854 855 856 857
125 4
858 859 860 861
126 9
864 865 866 867 868 869 870 862 863
127 4
872 873 874 871
128 9
875 876 877 878 879 880 881 882 883
129 4
884 885 886 887
130 7
888 889 890 891 892 893 894
131 7
896 897 898 899 900 901 895
132 9
902 903 904 905 906 907 908 909 910
133 5
911 912 913 914 915
134 4
916 917 918 919
135 10
928 929 920 921 922 923 924 925 926 927
136 6
930 931 932 933 934 935
137 8
936 937 938 939 940 941 942 943
138 7
944 945 946 947 948 949 950
139 7
951 952 953 954 955 956 957
140 9
960 961 962 963 964 965 966 958 959
141 5
967 968 969 970 971
142 7
972 973 974 975 976 977 978
143 7
979 980 981 982 983 984 985
144 9
992 993 994 986 987 988 989 990 991
145 4
995 996 997 998
146 8
999 1000 1001 1002 1003 1004 1005 1006
147 5
1007 1008 1009 1010 1011
148 7
1012 1013 1014 1015 1016 1017 1018
149 7
1024 1025 1019 1020 1021 1022 1023
150 6
1026 1027 1028 1029 1030 1031
151 8
1032 1033 1034 1035 1036 1037 1038 1039
152 8
1040 1041 1042 1043 1044 1045 1046 1047
153 5
1048 1049 1050 1051 1052
154 5
1056 1057 1053 1054 1055
155 8
1058 1059 1060 1061 1062 1063 1064 1065
156 6
1066 1067 1068 1069 1070 1071
157 8
1072 1073 1074 1075 1076 1077 1078 1079
158 8
1080 1081 1082 1083 1084 1085 1086 1087
159 5
1088 1089 1090 1091 1092
160 6
1093 1094 1095 1096 1097 1098
161 8
1099 1100 1101 1102 1103 1104 1105 1106
8081 14
25569 8130 40230 35500 25135 42901 42902 42903 42904 42905 42906 42907 42908 42909
3402 13
20963 20964 20965 20966 20967 20968 20969 20970 20971 20972 20973 5075 12982
5525 13
31808 31809 31810 31811 27552 31812 31813 24455 26417 31803 31805 31806 31807
6039 12
13964 11340 32844 34227 6900 34229 34230 34231 34232 34233 34234 7675
6550 13
31269 23847 26925 26863 22576 36497 36498 36499 36500 36501 36502 23004 4253
7734 13
21153 21571 41510 41511 41512 41513 41514 41515 13385 23756 41516 16180 4284
8540 13
44707 44708 44709 44710 44711 44712 44713 29596 17452 17616 39123 2873 27996
8830 13
45792 45793 45794 14503 45789 14569 43019 5840 26770 13498 11165 45790 45791
9781 13
41280 49124 49125 49126 49127 34600 40904 20362 49128 12368 2390 45656 42972
11518 13
49635 42470 28555 37327 3409 29267 4116 9622 23256 54652 54653 54654 54655
11786 13
53505 46631 55403 55404 45837 55405 26670 38898 41586 45560 12252 50813 6879
14888 13
41186 24038 62985 62986 62987 2987 62988 62989 39501 53011 15476 34680 10200
15139 13
42144 17186 55492 23372 63505 54993 63507 60435 63508 63509 36767 34650 18367
15709 13
50947 64679 64680 64681 32266 58185 24617 64682 64683 4368 36182 54329 61853
16352 12
65892 65893 65894 65895 65896 22095 60660 60055 38425 42266 19964 50653
16630 13
66406 66407 66408 43306 41261 9069 47280 14033 52978 30162 54969 39132 31423
17443 13
67680 16321 67681 22411 12011 2254 46674 37331 65012 37498 2940 67678 67679
17737 13
15936 48066 2883 1210 12236 13492 27125 45813 58808 56858 68156 68157 68158
17835 13
26016 41313 26338 64579 66819 68305 68306 68307 68308 68309 60758 61307 30014
18430 13
1253 20391 64232 56778 56366 69169 69170 69171 65555 69172 33362 54293 19387
20307 13
44035 71556 71555 26437 71557 55657 34508 27055 59472 63415 57912 25403 17631
20559 13
71833 22277 53319 5640 50504 61994 24812 69135 65040 71832 67321 33724 13373
20755 13
20128 72065 64417 29312 51593 51468 20365 58515 34547 63283 43606 69662 55903
20827 13
47840 69797 31625 72140 72141 57135 35508 45814 22680 2521 43064 51835 38364
21067 13
11238 23337 72407 46507 27184 48689 41940 47958 26551 24345 35866 66685 14782
22086 13
38179 73478 73479 42919 63466 65963 9196 19821 12431 51856 51217 25555 51352
22384 13
69892 49095 14151 43455 34026 42859 65871 61808 53393 73755 70492 14462 9375
22759 12
6883 47717 2149 21863 38156 60624 74104 17529 56634 69820 49662 36255
23662 12
53664 71553 5986 66180 42757 51526 67881 67882 40144 74833 74834 23124
23907 13
51969 73895 54503 31917 45551 31984 59058 75027 17619 75028 43542 59996 40573
25430 12
76097 54597 53547 34381 58031 6896 60817 37079 67865 49979 72572 71710
26084 12
40036 61321 38122 27660 51532 38701 58484 59510 27227 76509 9310 24895
26141 13
76544 72737 69697 5605 13862 50655 46925 68304 51794 72851 31544 64762 76543
27372 12
77250 62627 22309 4391 63116 75853 16719 65744 32307 74584 63129 18527
28646 13
77920 1921 5314 9059 60612 26937 23879 23817 65364 74489 76921 7067 9053
29848 13
58849 78524 14247 33352 45576 53832 70408 17260 72153 76698 72732 75998 37343
616 12
4132 4133 4134 4135 4136 4137 4138 4139 4140 4141 4142 4143
773 12
5156 4868 5159 5160 5161 5162 5163 5164 5165 5166 5167 5168
967 12
6434 6437 6438 6439 6440 6441 6442 6443 6444 6445 6446 6447
1031 12
6850 2819 6853 6854 6855 6856 6857 6858 6859 6860 6861 6862
1407 12
9253 9256 9257 9258 9259 9260 9261 9262 9263 9264 9265 9266
1412 12
9295 9296 9297 9298 9299 9300 9301 9302 9303 9304 9305 9306
1479 12
9703 9705 9706 9707 9708 9709 9710 9711 9712 9713 9714 9715
1495 12
9816 2572 9809 9811 9812 9813 6646 9815 9814 9817 9818 9819
1505 12
9696 9870 9873 9874 9875 9876 9877 9878 9879 9880 3473 6429
1792 12
11623 11624 11625 11626 11627 11628 11629 11630 11631 11632 11633 11634
1913 11
12359 12361 12362 12363 12364 12365 12366 12367 12369 12370 9366
1916 12
12384 12385 12386 12099 12387 12388 2540 2063 8405 12382 4318 12383
1949 12
12578 11779 12581 12582 12583 12584 12585 12586 12587 12588 12589 1874
2188 12
13994 13995 13996 13997 13998 13999 14000 14001 14002 14003 14004 4478
2195 11
14031 14034 14035 14036 14037 14038 14039 14040 14041 14042 14043
2275 11
9548 2903 14517 14519 14520 14521 14522 14523 14524 14525 14526
