5
232 96
27096 1333 700 6541 27168 8555 22442 31069 22809 29029 27171 29424 29501 48241 27149 14752 29980 8232 29436 29023 8667 29517 29042 23471 28040 23097 27941 29444 29881 29547 29422 8136 4285 30515 8631 24416 30527 3099 29792 9073 24545 1474 29389 27147 31698 28150 27231 8085 29044 29030 27166 29035 15020 2462 27180 15113 12972 252 24820 12950 23915 29502 27191 27177 9056 9066 30266 12623 27173 8843 27172 27185 15242 10405 22977 29869 2599 27181 966 875 29662 29433 24128 29450 2416 22874 27663 281 27165 8260 22236 15238 9216 29010 29177 2572
175 80
31392 31985 25824 25741 26070 33902 25502 28819 33032 35942 31334 31262 34849 35684 25682 48587 37265 30603 25793 37312 25608 36005 31554 25575 37380 37387 33497 25483 29376 31564 25511 26512 31228 26660 25776 25816 33461 33112 36028 31987 31962 31484 28988 25855 29103 28488 34703 26170 34653 28256 26077 31963 37339 28668 36403 31991 37187 30694 28843 31968 35933 25774 33052 25928 25488 25559 31263 36804 31953 31472 33131 35147 26105 32354 36498 31519 33019 31195 36565 35242
27 97
17829 10782 17457 2849 4903 17599 11277 5833 14383 4972 12559 1799 17957 12887 15153 4883 8528 2414 17289 8485 11235 15309 15302 14979 4960 18313 4925 17325 12614 17603 13060 18763 4804 12738 10397 14905 12576 8493 17414 4971 13833 4843 8990 5292 11598 11225 12704 4872 9745 2912 12648 2562 1778 12692 17719 10339 8354 11711 18725 14990 14925 15561 15393 2163 15621 13580 8392 4754 15587 12737 14896 8387 17486 15491 4860 11756 17488 18403 32847 12317 2421 11248 18789 18774 12685 12601 2525 4959 14461 10268 1926 17444 18306 14897 2876 4815 11683
29 100
8515 3270 5136 6807 10273 12052 13974 5390 47557 8287 8064 5194 6809 5593 10719 11792 4431 10122 4074 8660 10392 6776 11835 7901 7410 6514 5036 5158 4913 5243 3177 8435 7911 3427 5477 4657 9926 3944 11293 4935 6491 9869 6485 3862 8582 9849 7844 4658 10257 4572 12079 8188 5371 11798 8028 10188 6613 4753 11858 10108 6475 6591 10594 12517 6586 10761 11295 3306 6635 8308 4198 12014 5341 6488 3328 4535 9420 10292 5204 3283 5195 8274 10990 4705 3335 6694 9932 11290 4998 6327 6663 8532 4707 10927 5244 6481 8253 10611 4481 10104
123 20
29926 32678 29018 33452 31525 32795 29351 25642 32977 33724 33418 2755 31966 30268 27391 25518 33832 32233 33718 26071
