940
8050 17
68239 93694 18693 42059 37194 39647 50751 70363 63540 12728 813 24179 36105 88971 63265 3975 78373
1949 20
24096 18968 82966 71256 98832 52845 2883 63589 5658 7767 96757 99572 99686 77607 75188 21318 29512 46254 41367 1416
8696 20
35619 45104 44776 86267 17085 89554 3876 87902 38304 24855 77630 82092 78115 2284 82577 94634 66416 42488 5076 65791
3416 14
3333 784 31117 41533 89298 23286 27494 96074 95253 24787 34173 54394 27077 65223
3679 17
43919 30290 53944 77953 73279 33897 32628 49586 15648 91484 54193 20209 39446 8895 23169 73820 64846
694 12
58055 95671 57748 50489 56320 42094 55401 49859 62376 44731 76704 2487
4395 20
66605 93942 77725 91034 9978 90725 91851 84928 93784 48010 82899 80554 14023 68609 78663 12772 94303 69050 97933 19596
5724 19
83428 63547 24578 72830 21401 8025 43701 12844 3319 16663 13122 89956 53478 4331 91251 9003 93722 19536 64761
2737 19
1780 35484 13839 78710 64827 77444 89450 43703 40330 3905 46156 80130 33748 31512 9560 3325 25708 87118 78758
7875 10
1899 27527 66772 94447 42940 9257 19248 31130 57116 27280
9100 16
40503 79050 41747 67500 72373 1905 11852 59863 53450 58793 26345 14179 24333 48829 6610 28665
8989 19
6476 38628 85112 4882 50402 77555 82394 9571 51990 88693 67915 7459 81799 43675 36103 90827 36422 79068 71547
115 10
76397 58775 15264 96238 44635 99249 50746 55235 5443 60419
2297 17
32352 98491 19238 67018 61759 74118 54343 20451 72402 48161 5511 6718 42504 70960 26037 34902 44219
1045 20
17105 25087 20595 95978 77344 63622 90560 21886 41485 54028 20566 44114 43439 87873 56316 91949 29992 39892 38313 49560
7731 18
74564 70586 71930 54980 31608 22107 6507 32855 36559 30295 4279 72130 52336 19993 53230 3217 89097 63158
599 19
65840 77874 84613 56373 86730 12746 11155 89722 2772 70241 78333 95277 91700 23800 20019 25834 77534 87674 87928
773 16
3825 67720 54515 28987 18233 88055 28834 71252 36649 79104 84196 44638 23164 91395 72112 76659
2339 18
95783 84827 69216 65811 86162 55998 93801 48621 82212 88562 13989 73062 5851 98479 16402 31604 63521 676
8530 20
11503 81373 87719 5892 26138 53582 59089 88957 32631 2304 20859 16064 42760 19448 98024 99723 22968 96213 27044 82458
4758 20
41803 61417 26076 4552 94218 63986 71749 2686 74497 91216 47525 54287 2051 37923 92408 33654 24709 23928 99010 84347
6897 19
56907 95402 83304 28038 71074 14860 10856 3932 87937 54263 6564 43423 14925 48793 75602 16476 73295 54084 37550
9027 15
30917 80014 57018 65839 672 33279 66363 7339 7881 32154 87363 96865 58873 65327 16771
1351 11
89302 21165 47154 31055 36187 28930 19843 91501 59813 2942 36129
4439 18
6785 40174 54368 72389 91600 10386 75771 75100 20796 39744 13903 11204 24579 65954 42593 99588 30114 9881
4112 17
572 27645 65305 35584 7423 49884 67144 30218 88453 95395 72854 20577 8516 8967 68058 46917 13957
7491 18
32661 60681 24104 14389 29611 21049 39743 67568 89044 70505 75423 25513 39338 6316 43424 48935 8221 69142
111 14
70445 1692 38153 55457 20320 15253 61427 1559 40466 79430 45472 8792 78382 97759
8738 17
34438 20614 68221 1081 46844 42857 89237 2052 92795 33701 88550 485 69069 47390 10840 36519 41936
3428 20
612 47401 28439 69864 36727 51354 44929 88298 49856 97430 49358 71379 56796 53296 25787 94797 87468 63123 39161 61709
3953 18
5704 78057 66720 51407 54495 88667 95826 11603 32155 95955 64015 64680 38261 15550 80813 28280 19290 8169
2882 12
16292 6626 34082 78934 24478 34255 48828 54090 7897 83698 130 65860
5348 18
2519 30289 22038 37958 21795 43951 27669 16521 30371 60666 44592 63951 6144 42335 75228 92159 70428 9820
8095 18
6228 22232 90214 90909 59218 56953 66163 55875 17722 4572 28981 47435 93111 13218 16669 80424 92161 73611
1296 11
80466 19174 88340 88752 28937 9005 26826 95303 84642 45191 95991
1349 19
28366 22375 94002 45850 11511 19353 74174 82237 75381 17539 56202 42110 32056 50069 8164 86640 63894 44508 75694
1970 11
30317 80411 49785 13325 60718 92429 35806 71777 60864 22341 17137
2380 12
11146 42369 37395 29106 12664 65802 90457 11550 83028 6118 96137 75099
1004 12
87426 7509 2399 71234 62479 24346 19231 71759 40950 77426 99535 70011
5403 13
6510 7098 35235 27414 91840 15504 5304 96194 57799 51696 42005 21780 15278
4705 17
37941 9691 19051 51664 92431 71928 26982 33664 24661 95102 66365 29112 15961 28939 58350 46654 27498
3938 12
83826 75092 43547 68684 20791 92820 70893 38662 16110 59885 37595 12180
4592 16
22756 11984 50130 2737 67041 94241 7033 56565 66520 32609 62166 73461 71248 22769 99838 128
2006 13
94498 96323 16873 36998 3964 20664 88446 79411 27157 42790 96719 75657 42447
3091 15
5660 24479 90370 33403 33875 78266 8607 29249 64373 30466 11278 50612 37800 86977 57247
9566 10
52477 57624 65721 48216 76358 44518 60741 85657 3302 41865
4460 17
76084 82131 56836 43208 51201 95798 36327 54694 35789 42973 12804 69675 21702 98425 25169 8319 96436
1283 18
78912 89194 18163 45905 65797 29280 99157 21454 30634 38825 18667 43971 61184 34956 96458 87663 50561 9751
6063 20
54575 67622 67848 78200 9552 95598 41516 96428 79788 1266 85987 48962 51504 36058 66962 28199 5828 91877 9218 50947
9128 18
26264 20291 77778 14032 6199 22056 76510 50738 59735 41170 48531 56152 90595 43449 6763 88368 76763 66290
9772 17
45682 52743 10161 77264 41179 10639 18994 71956 39849 1331 12919 34725 70656 95372 90925 20394 63725
7989 15
22925 80808 6800 31099 46874 12877 34694 46347 25304 39418 86559 92114 95793 33147 4181
8005 19
66483 43568 69565 63014 54867 7518 80374 38757 58998 22715 2171 98798 11769 59779 50403 63729 75201 44049 71358
9204 15
63140 30909 97721 54110 14911 60050 82570 77844 21536 27638 23565 94816 1827 15641 59900
5360 19
33065 91915 18325 82605 56937 43051 56856 54788 69020 20246 20416 31018 55642 66546 76585 22487 73095 1845 59857
5002 12
23352 31469 26815 79017 56284 79583 4951 10707 62072 18834 62394 74901
8617 13
27336 12078 70208 80572 65001 56222 27070 53656 58113 96366 24555 73616 62826
8149 10
16863 79950 87508 71560 59349 39297 11281 46288 42728 88199
1549 11
52239 47431 78457 39536 92602 36648 5245 52007 61854 98461 25013
2754 17
98693 4700 71756 52108 65435 63882 64367 86571 64840 60594 64036 51675 69218 81834 65303 35310 47424
4506 14
46480 38358 68459 32001 63107 98349 69560 48250 39993 93152 7121 5368 88297 9268
9948 13
4624 24599 90758 23869 74943 15301 10231 7578 78907 83858 60007 44866 55894
9829 19
56041 83501 86822 88487 64120 77453 20136 75869 3990 47730 21391 97558 32779 67231 1070 11205 47315 51779 70861
7305 11
23444 89141 17735 27769 569 31000 71052 41276 95997 16103 80227
2585 16
6786 34582 18339 11139 67056 1673 6193 17454 33351 13156 66719 89694 26261 2636 9928 98609
2608 19
17701 94767 70583 49034 37863 80164 11918 79658 63594 86940 54742 36745 34119 56123 36770 99212 54180 46504 54120
5020 12
72364 56306 61717 28296 24078 84053 23908 97385 71679 34753 70976 11335
177 18
56212 95196 74013 35086 79625 32108 58466 68856 24856 38787 859 58838 63728 41033 86060 56541 45612 722
6979 19
89839 41474 32591 40294 57859 71799 71246 93347 41412 21211 30325 25493 15498 8991 43631 3425 18600 22906 76206
2652 17
63502 48851 9734 65446 65701 65834 15734 46407 67212 89908 63606 81516 91425 44178 31093 76209 22805
6202 14
35878 47571 3489 73534 70036 69527 37978 87037 92835 18657 81666 32439 26051 88430
7987 12
54411 25794 19943 77014 83873 25691 7106 9875 44951 17843 22739 10682
5311 18
88308 47594 27 73422 85283 52285 82953 37385 75001 71301 41168 81510 56186 66267 5980 26765 40337 31674
7967 17
87274 43138 30594 96830 20191 59764 76043 71696 70732 85309 40555 81258 81907 82680 3249 58473 48520
3186 18
15050 60091 64921 68807 31037 33520 37262 25812 11697 12675 5550 12170 15814 96963 9898 63734 4252 13938
661 20
48941 87312 32402 83190 46618 77606 50977 25973 15297 26557 49350 31489 55860 41272 44823 15973 86001 9112 5110 66405
4589 18
15019 60847 25544 63137 69690 96842 7474 16290 96657 57543 85547 13094 68905 21652 37167 42443 35659 65364
9255 14
80757 17705 54473 12490 14871 40739 1875 29485 19731 33025 69499 87929 10121 82545
61 16
26401 83635 10448 17897 30734 22628 26630 270 91850 91434 4280 78493 81777 99911 74641 38128
5833 19
36749 92834 32656 79243 18789 20500 87141 95441 474 7966 6727 88336 56234 71847 78707 59226 31143 36829 35847
9139 17
64792 72003 42268 33621 15943 9723 95334 92274 10873 71303 14898 6884 58246 23623 87919 84966 93889
2359 15
9508 55889 14067 60259 78319 30503 98686 63497 83803 19053 20678 28632 12451 52615 85810
4330 10
96715 71274 72368 96206 2290 80442 97836 87042 6287 52496
4871 19
920 12492 79041 29616 42134 10014 2030 11543 55914 58146 68337 17652 50357 83073 98377 18945 17164 66996 72701
1864 12
30623 34568 78112 46864 18625 94551 54703 96511 52248 22717 43957 33943
9097 17
9902 9544 68480 96626 79677 98423 66826 95707 3683 30544 69480 94747 3785 16676 70185 19818 85560
9836 19
15151 78858 64956 79991 86374 32683 72558 92220 84746 85288 65991 46523 10156 37094 34747 49563 32046 63244 93608
1760 10
5901 39132 49620 14830 22422 40929 58487 82880 46805 28953
4631 19
80045 80217 9577 43970 49982 98260 49649 66446 52408 56132 15196 40434 85608 80023 74390 6866 489 12505 63708
8490 14
12447 70466 48919 72199 50163 75442 52199 82276 6067 6575 74268 5462 1738 11887
122 10
89613 22078 37843 98090 47800 78834 12344 70053 13385 55902
7493 17
26660 83598 79072 99864 87541 90060 85267 52915 63839 85796 48977 93534 50461 2100 78279 90439 7072
4637 19
63609 28299 26142 46712 95262 16353 59528 50684 78679 72198 48895 36055 96659 67409 54237 89342 58115 89102 20123
9218 11
71906 23172 41448 8590 70639 27311 24201 68963 35538 89612 50339
9336 14
31985 4034 50935 14610 18601 7095 66404 89465 77454 95682 18473 70375 98817 69072
8758 17
13373 66675 45583 57507 17985 77120 18403 74958 51760 95727 5445 88026 60299 49244 24925 68057 36492
9294 20
42080 72711 16973 96726 23597 68640 97076 42870 89243 7009 57516 37909 747 37479 48181 54341 59429 87581 33522 57295
8409 16
82810 70955 19868 16772 56398 36205 10599 64630 30021 69191 38887 98392 38604 65606 59291 86197
8259 13
58106 97998 50849 5506 94676 88886 38499 10457 22088 3059 39833 40306 17142
8283 17
21288 75797 34666 69572 52552 81890 94482 96375 29584 93762 84177 91275 77395 778 93624 75951 13885
3277 18
23432 19826 67204 68496 60395 39549 39314 30216 39191 18635 96648 94314 4816 32672 13431 18984 15674 29145
7293 15
12574 14667 70986 49312 39981 51647 3704 36429 49885 78972 14763 57054 73884 13465 44087
1830 16
36419 38070 23345 20012 67032 5094 11193 19379 99555 87850 49157 84167 35453 11233 36071 26905
3124 14
99244 31431 99456 1683 57835 79809 42065 11593 4303 89360 88888 45851 24803 7441
445 17
27036 14411 24640 90346 86612 92413 64459 24482 59344 35349 36172 32384 2014 69678 55148 18854 47090
8791 18
77912 7524 86695 7772 91907 68515 10195 70762 32205 58323 55805 40812 99958 73654 95022 67079 27407 89708
399 10
36203 59660 55849 58319 86560 72616 44405 92949 16700 83483
6241 18
40462 36531 42960 25240 54471 21600 74814 40351 66575 48146 12416 61451 13562 66639 98014 31889 86442 88617
2115 20
57393 56546 631 52372 56731 70698 30329 99970 67550 40196 44940 50089 82299 3811 72783 62652 36470 54155 99988 28285
1448 14
89811 53233 91418 45379 95566 14370 97191 46160 88725 92889 88507 45990 61385 52876
1356 20
83283 52190 15920 73445 49706 77787 89796 40507 56979 61543 74453 1718 98328 70779 66975 63860 57786 7850 74656 13975
2144 12
7776 62673 39234 65933 40437 18220 2623 37470 36485 59023 83373 8888
9610 16
26024 15889 72458 10310 80133 73708 51124 99410 59639 7226 82028 46899 81281 94445 8256 61799
6342 19
92024 40639 83420 56610 14438 78035 17891 21926 72245 32670 7859 54197 66637 69395 9810 92418 82294 55491 15146
637 17
31175 33750 57881 63248 53337 69260 62392 40066 86656 55018 76310 36630 85689 27172 81280 47643 76965
2732 14
98643 96872 34513 60437 17453 48868 58308 55683 61549 12612 45352 30026 16158 32601
6915 11
65488 39955 36036 74797 94434 5398 42644 29988 85197 71522 85422
7358 20
8226 6016 41726 81897 46729 65508 65619 36550 63957 45114 59605 34271 81543 47834 46203 30585 67570 34122 51487 88944
1737 18
11483 75184 75599 7055 24216 38352 41108 1912 35667 75169 18610 63090 10209 39513 96574 74518 28258 7610
1348 16
19371 53262 13098 39422 90465 58518 6111 27379 41574 10838 56091 90943 73329 9142 55706 81953
9489 14
45503 18137 69838 38547 19784 30649 91694 45883 92402 1669 4490 88497 29598 56940
2943 20
89074 42824 10040 34734 14627 36728 35038 19155 56395 38998 44522 11954 4916 61497 68429 56722 68857 48077 8051 90985
1743 20
65475 29366 24269 20821 94296 50750 23621 23004 11480 12591 89597 50948 87627 76602 9692 68503 34912 12481 80002 24247
7344 17
77416 66432 90169 12714 8712 77088 22816 26817 10626 61206 3380 91488 48724 46076 36586 81481 65945
6416 19
92349 45119 10158 52550 57172 15413 5425 10699 20964 99308 16620 31915 66830 95684 56390 81253 47968 90005 74318
4496 12
65932 51627 92646 61278 53580 54582 15628 93963 95947 86869 2210 94856
7327 16
97546 91198 10089 2444 91892 66385 80916 62968 5377 72011 85856 7209 89861 69788 23059 56397
2110 14
24868 61289 1347 39568 34012 21009 59501 33033 89707 86964 76856 26358 51188 91268
8917 14
32911 3456 38007 42526 18745 65614 10177 14901 40941 61097 22365 60134 39083 6604
4138 19
7028 92204 45568 17444 74424 68663 55497 97831 57207 16048 41421 45495 34073 96595 37046 67693 59332 57000 6958
3993 14
47019 56292 58199 92861 21837 89549 63237 57768 4313 22861 60365 50285 90129 43520
2610 20
1382 65479 61304 49113 77032 48043 39325 89240 66708 4174 7820 74761 25060 53356 30494 52297 11071 10458 48745 71113
4083 12
52309 50999 1959 71983 16089 20469 17715 23437 67135 43990 92141 3262
650 14
88226 4701 26135 68353 59551 78483 50898 68345 60100 18275 44740 61008 33694 78383
6378 11
50575 2759 36286 25257 49726 11653 77298 73365 97554 63749 85709
1161 11
41509 24904 17614 57095 31630 50715 45754 83258 35684 47289 6615
5889 15
52847 67023 24905 60145 46453 50516 53887 41564 25503 53753 52052 196 92496 21957 56880
3546 10
83879 46983 76616 55898 55536 92353 84271 46114 29226 46370
9460 13
2404 22338 72555 66906 87693 87181 10043 94677 3868 19632 60724 27752 43007
6388 10
25759 33785 14052 57679 70658 78503 27325 21305 35798 6068
8384 19
29310 76168 27699 71023 79781 90223 84313 24067 67329 15212 84933 67804 45614 54344 4986 69826 34713 81966 89482
18 14
52395 75224 35169 98878 80302 64396 52255 56601 55842 73308 69057 29586 74997 74125
9053 16
40703 71014 5886 1638 87880 16455 62941 99762 85879 60614 5280 47051 76721 89802 55265 22199
684 18
76599 59709 47959 96289 89530 3569 18534 62168 77143 76404 29962 7471 6642 90353 78566 17968 75396 63941
1659 14
6279 53843 75181 66551 60276 19804 50300 56181 17025 42808 55938 76475 35568 43695
1195 13
9331 14934 67451 34 58034 12925 16525 81708 60713 65784 61163 99673 79555
7281 17
4425 53518 35664 83800 8971 33026 20628 12771 39968 64213 88047 87511 15340 74003 3009 92440 26693
6644 20
89990 62465 5281 47332 52990 87633 79918 60249 35676 34217 91504 2164 10816 32722 59710 43182 39066 67532 73905 34688
7368 10
56298 83691 14375 91433 40763 15296 10925 11093 18208 67270
627 19
74570 49106 41993 94802 39432 20137 76493 13907 46427 61874 92874 60226 60962 18989 17668 47618 75802 52170 38799
8795 17
47816 36151 89427 30617 31898 51607 7588 75616 72714 7515 35653 81608 33606 24629 34827 20115 19282
5023 17
71227 57179 42712 75447 66078 8667 85676 13803 72850 31201 82184 73933 50887 5825 90649 87136 44869
6871 20
40071 599 47629 87851 67662 31515 12282 59306 42836 75548 36149 80127 74615 74736 16615 59246 66013 21581 39044 13601
198 12
36870 79943 11316 19029 46140 9872 42091 40934 37953 86139 64023 38878
6826 13
44766 75337 52131 41184 46958 6581 98963 56931 18798 49952 17486 31516 45341
9573 11
44169 73438 79675 59834 45212 2480 23543 45598 69101 4039 50136
5798 13
93871 42982 96481 41195 16994 23591 99945 81411 44434 48048 5857 58620 17308
7841 19
53855 51679 13603 47100 18316 24318 59880 91832 29602 29245 38953 73346 48987 34294 17413 32406 72893 40280 92195
1732 17
66346 85095 77835 36969 86390 79532 95742 51465 83200 20354 35228 81321 69460 13456 36844 59602 13721
2111 14
29311 8110 26952 60105 43759 41618 6653 47961 10258 38453 6578 5996 60359 88323
917 10
97211 85545 29121 38274 99771 3449 59516 44084 33126 60729
8728 18
71936 35203 33260 69082 65433 50050 87702 32405 56671 10134 74374 73194 74978 35881 72584 18116 81479 15654
53 11
19871 45897 2478 60488 1061 70968 67042 56156 61098 42293 27198
3202 13
40153 53811 77943 85328 40329 14449 78302 9868 62991 91975 34677 33477 22439
5219 16
22188 22397 30980 48243 90846 11650 65749 94762 15058 27426 2318 89641 4727 50308 86054 68110
7179 17
58721 36250 2258 46987 41750 35544 38619 22200 37668 45570 53577 47013 95940 22705 64217 59713 41291
6581 11
50911 91486 10189 4779 34635 87351 34490 75126 49811 36828 1403
2671 12
82516 20662 14228 14101 80477 15463 90416 44181 35286 8859 37061 50145
7974 12
59320 26314 27448 26355 45484 36882 76647 20571 74034 46166 46572 88310
7261 12
80930 42784 11531 19734 9894 56593 65000 44155 88509 78525 1049 69987
693 14
30884 79029 77061 24973 66704 34392 66038 32671 38587 84908 98204 39490 52967 70660
9447 20
38493 70663 38593 673 76262 410 89681 38320 34612 76725 33653 90735 98621 61857 42871 20351 83518 38150 14339 63821
9927 11
15046 62049 62499 74206 79480 25242 6861 6495 87095 75180 79254
8124 18
24203 92010 91445 60124 17381 43674 16017 73964 63901 96909 47515 64953 77569 74777 9262 42355 69653 93906
9467 18
39303 66786 53328 6583 9160 51019 39592 96825 90682 16008 71187 91860 96722 86572 24454 45658 56654 20302
7839 19
53652 80364 56161 24635 33866 99122 60653 74508 26812 94038 16484 25222 33645 66130 4628 13704 25682 99997 67734
9325 10
64586 40380 27150 79824 83968 76288 71920 48925 59020 57864
806 13
68168 71891 61355 43442 81762 91541 93536 43249 77280 59283 25022 2074 82846
8181 18
82963 39996 15098 76450 45999 80560 83126 49564 34337 7259 52171 23141 74272 59532 29408 37489 56597 40430
6550 19
94970 97138 10051 35700 31067 49892 65313 11530 97857 7958 93066 63103 12759 33058 80912 57286 85050 57527 16395
8887 18
19827 12560 89506 96383 42539 41297 74971 45450 67211 80223 73556 63045 69321 26988 19482 50060 87881 6956
5707 18
77110 55450 94206 85162 73003 64178 76052 46879 82908 45800 24447 88993 1421 29307 52522 69918 49598 10591
2346 11
90784 3616 22001 38852 62638 23022 5214 75265 33916 90132 2355
6997 16
89931 98688 78792 5905 19589 40161 29304 15745 17992 87668 28159 789 87233 72751 15852 66150
1653 17
37098 38343 94606 23427 57035 29400 94978 91818 93600 28095 28629 53375 28621 32573 13447 98634 85842
3525 18
60690 22992 53202 39839 33222 88124 26248 28338 90138 9648 72796 5122 89782 54655 97816 80204 11729 99793
6338 18
99700 12190 60792 87196 95615 14542 90076 24605 84191 50679 68607 73241 28228 45550 97460 85867 3993 87956
4059 10
95569 62569 88056 12229 19054 3166 23918 50230 86716 36425
4986 16
52927 66917 22541 36753 44980 54419 25224 40099 6363 99737 20097 1414 40128 63605 3255 82988
2590 19
59603 58315 54953 97615 34053 70859 83513 78111 45635 29997 37688 5742 48875 24522 45069 66541 90452 42927 81087
3719 16
98025 81004 47367 34807 37449 80832 26483 7953 41713 74216 89283 90708 38987 23489 97039 94938
5091 16
12683 88734 69124 8330 79615 89906 31388 10382 44496 25414 38037 57384 28866 21570 39856 28304
6386 10
11094 19711 2109 49757 67054 59511 71764 17594 22813 9874
5931 14
49252 96836 99511 9728 40080 44063 27522 96216 25042 49678 65322 45909 33896 17093
3991 18
13418 76039 74394 84748 965 19820 53412 20429 90156 47613 18276 14943 89303 14661 49440 63001 46311 59533
9532 19
73879 27272 87927 56984 14790 64187 89797 49784 34812 25943 87628 4121 37281 28367 96664 9505 50944 56724 39149
3981 14
34633 47001 29189 15513 11556 21890 16378 53195 24824 8408 29157 4900 51948 28564
3080 15
81404 69934 20809 17256 74341 87054 3671 31796 64673 78611 40481 6733 31977 54164 1883
6588 20
60125 88210 19537 75995 48982 50826 49067 50809 7618 42352 66794 98341 1988 82960 38766 2159 75758 47631 37636 36766
5771 18
86501 33122 1209 28069 24242 99914 72219 64988 66534 3612 93974 75809 79899 54432 93188 49265 33987 61655
5568 14
11989 65855 66563 40116 15721 70548 22644 72568 11333 86322 83113 17432 45053 67294
9291 20
61965 53569 90997 18754 49163 67203 31620 98661 55315 21108 85620 77294 70367 28135 26874 18872 43178 28222 6043 66701
2919 18
66105 2194 92778 54171 36953 45296 26334 37464 81202 22402 832 36354 22673 86866 41339 35907 43217 43173
8691 20
48126 46058 1012 33992 55052 80049 35565 87419 18437 15480 78477 20152 50247 78715 55714 29434 85175 15371 11153 59290
4613 11
64159 4585 38373 64138 12729 81600 17347 7768 61798 7670 69642
7337 9
54175 16969 25456 74817 91868 60899 55200 75684 85797
1634 14
75776 5282 2981 36241 90605 69902 18305 15323 87092 24468 48779 774 57740 42058
349 18
83215 64201 92378 45706 49971 10212 55168 56492 71808 87536 18167 97265 93253 39545 59352 73350 99807 34171
587 12
95174 14665 73207 55872 43069 53810 56129 5159 79343 80208 89899 9451
6603 15
97381 72164 55519 4878 52475 78897 14793 33966 32980 33322 63190 91856 29803 8443 59514
1516 20
74133 89052 28928 6026 25096 65931 21851 68551 75545 54631 96431 35392 99725 25771 88346 93938 7187 26779 86602 38377
3241 17
14499 2952 15590 83129 5407 72177 92684 26365 58480 8681 17440 57520 57147 99977 97797 57391 49355
6235 19
54675 98310 2510 89751 51514 33564 21213 14188 27975 20599 23126 10813 67868 16201 74048 89434 85956 44347 43368
6976 20
81336 89056 92586 97336 11231 2163 56081 92699 97119 69510 89120 74902 32712 66507 34239 26150 60936 80822 64849 33516
6060 10
96346 93867 58658 33014 38156 82043 44028 9960 86675 2388
7937 20
32944 58431 7517 48614 78805 4329 81827 13847 48712 50105 34861 92731 97092 79984 74379 3015 12807 3518 12068 62239
3483 19
90279 42098 11010 87119 51336 82304 72828 94901 909 87024 94004 37523 30642 18848 91934 88637 38455 69536 1098
9855 20
60258 74200 83257 45533 55738 34698 84226 89198 14014 94033 64392 21342 79077 31629 2999 56073 18568 51479 24583 69233
390 12
56865 93428 32055 58769 96393 17443 40025 30038 14246 99637 56932 84434
2830 17
73779 43765 27169 2816 85802 24754 93477 11521 52506 81508 66058 69904 2023 22923 62515 3571 65030
4284 18
20698 72299 37144 79590 23103 39219 74488 33387 94524 79501 99442 4492 84059 55489 91306 76024 95026 40266
7729 17
24647 28235 31058 43920 4197 6685 15638 80885 25440 16001 86053 5343 54159 31033 72099 89627 74182
5789 17
54566 87405 50132 13429 62416 347 78124 30447 69491 15119 16737 31614 89758 61402 34964 5401 97026
1948 15
51547 21221 44912 85158 44627 62011 21302 39560 47299 87494 27621 80843 99273 14595 55184
5523 18
74547 82572 37009 89131 33580 80571 36834 40020 44354 48363 65454 67081 31078 64293 17531 95018 31675 18711
1201 19
78818 16196 58677 48464 28933 91106 33588 99331 63192 4850 34078 8851 8585 6471 84256 26759 66837 33482 99899
6960 14
6247 71899 54459 19748 10844 72698 99689 50433 14405 67911 82588 69862 36781 61486
6597 10
92021 53302 15458 7440 65480 88275 36057 61254 3198 97363
5065 19
32542 28614 40458 9950 71471 311 6870 20130 3096 69453 75917 99038 63892 77520 71880 28703 62380 89812 99758
5569 13
64850 34230 84254 59384 3796 62797 42224 9565 17805 83966 1429 54440 49204
5263 17
73291 34601 15260 64389 38744 35600 83457 36344 21385 805 41725 37405 63602 32725 78398 27573 90365
3580 18
54485 15914 26308 68291 74033 43312 88651 94672 7837 33000 12403 58325 29107 47553 93285 84211 24670 22381
5851 20
8445 79965 3982 23556 21720 87530 56563 30381 12513 17291 95728 45502 85653 3163 21555 35601 99002 21719 50129 16980
6441 14
69323 78139 89384 5683 2647 32392 48752 68267 88836 85948 74361 34475 25434 72742
4518 12
81118 20916 86071 62287 13817 36700 835 58567 72114 678 11641 18902
1711 10
77518 15318 22263 27128 86544 81455 87749 45685 15797 67380
5687 17
57895 80350 56915 24711 77519 93903 11163 16767 99532 26971 12006 1309 71188 40386 82885 17174 64527
7104 18
6640 86511 88759 92978 52594 14464 11303 87687 54403 2984 50761 80549 31313 13281 61556 72320 71194 26014
7494 12
623 10857 41288 10663 79302 90878 36353 70468 51017 76735 4463 85508
4717 18
56201 65413 2654 29078 36568 51880 86264 68665 67252 43891 61195 61563 81351 28190 26828 49956 12998 79767
4977 18
63297 11224 11548 49185 28301 24860 50638 67647 37896 25892 76211 65947 16293 90518 29970 67010 28157 36862
3413 10
11789 23259 7166 56065 46956 82597 80404 70750 44479 93981
2468 20
67246 15132 59586 22455 50910 55111 48757 6745 76499 71515 58641 58943 82367 92160 64188 4270 97638 75860 44075 84408
7918 18
49722 36560 23386 72473 34369 90568 86887 31534 99264 12906 36887 59562 91382 90428 11202 45106 37219 66618
1023 15
9084 51587 94739 10828 85591 97098 27354 97587 89160 61112 55186 83452 99039 43370 30515
8285 13
57228 15191 77979 45320 34260 72167 80043 3807 13554 21592 93030 96181 51240
906 11
60103 51287 44052 11604 24241 36627 87150 2770 75208 73612 46263
9061 9
97758 6623 14719 47228 34454 40717 6237 97493 36314
6698 20
52944 76220 93865 48694 89391 78589 29418 14519 16542 70031 61763 48976 48503 90165 20552 78901 78305 78708 49808 57357
6760 18
58782 18940 39307 55649 84077 77028 92406 62767 98616 10514 85057 950 1126 76560 44692 65570 55458 52244
9092 13
27133 70866 56179 39395 52279 14736 59636 33002 43902 83350 61446 50047 14305
9367 15
49908 90301 10106 32324 43507 82428 36361 49525 23025 31744 69960 94991 55924 65640 19891
2143 12
15678 17145 18889 34395 67372 79592 87144 21511 28330 86761 98833 21501
5532 15
77124 9624 75618 36759 45150 76154 64219 20449 84803 81458 4594 70554 56444 8841 99553
3216 10
81216 74598 74588 20333 21563 14944 79179 9436 72361 66583
5339 19
74857 8649 63380 97317 93773 61805 72427 57668 56296 82022 11166 58639 40789 57166 68007 42866 21895 58878 12125
4277 16
1840 87780 43436 34590 50526 21120 59812 76239 41002 93834 43504 46843 76576 99806 88908 15890
5134 13
91032 93992 97031 41345 78271 73307 68890 41570 98153 79664 97582 10421 62796
4074 19
2184 75565 60749 95481 92803 66165 33235 7282 15039 47160 87003 95431 39999 40629 87243 71391 99133 31062 87114
2548 18
32726 86711 57484 28728 32195 13294 33891 47803 86674 45656 74100 75343 94111 84796 4499 79523 27691 52917
4250 19
64845 79679 25688 12544 98758 95329 8999 4060 8404 20049 59754 25963 22377 71909 95498 66035 6612 89315 16418
9303 11
32918 78736 74115 68758 2997 86952 45713 8528 29019 2708 34030
7075 17
26973 99835 92121 86304 37195 2387 66289 27107 91201 71055 29624 88983 17920 52111 92755 69741 753
7511 14
16503 31358 7833 33910 61640 75046 76480 59683 60278 56141 8434 86698 71537 77109
1557 17
3194 79620 23157 2858 11168 5566 64895 5543 85028 49134 8127 13668 60485 657 24504 69284 23294
8792 12
20600 70303 38764 70023 54232 9735 54239 6357 22102 89532 19539 64469
6262 20
93060 77843 36002 70207 73243 89241 98920 95424 65048 26480 31805 94372 31089 90285 15210 67794 69858 27910 79897 46852
9442 12
1360 42149 1120 85227 60780 14671 67455 92568 93120 19166 8825 36637
2876 10
28551 14557 92305 69894 76590 72468 93202 21898 11362 42288
389 18
62520 3777 2817 46437 60813 80513 98125 89658 35872 85213 97289 57105 91243 35995 56458 31056 16355 60971
7833 20
48921 80729 81100 15040 75439 28263 13413 27970 6455 13335 25955 76171 17284 55296 951 65603 77924 82706 28929 96292
2329 12
40712 29778 41841 26570 63990 19110 22363 61537 66853 32615 39794 15360
4892 14
11386 41906 67902 67747 84002 27342 91660 53588 42322 99600 92278 62575 23298 50779
4813 19
53605 80961 33887 79227 94508 92336 33141 80938 1619 4381 44893 81110 48889 56513 40613 46409 61968 4925 70504
5064 16
58186 1436 904 23729 76181 45071 36767 31266 55912 84578 92927 43448 51920 57941 56560 65751
9200 17
40998 49335 23736 5786 75076 72874 94798 26733 90870 81025 86219 59635 15517 8628 13319 23611 21877
2868 16
97267 93229 13782 28241 26426 62894 50956 82584 77889 13959 58064 64559 74618 68021 16062 97707
4193 11
82470 16068 8596 29869 52011 58278 97482 99564 34675 49397 24403
1427 11
16915 98986 40047 8827 56741 82504 7576 36020 86916 75006 87619
7124 16
50099 54052 84187 80820 33815 95164 78852 15534 84791 15911 72194 63152 43774 47497 66112 11559
5890 12
45170 21303 87132 51014 54564 2906 38068 86418 6903 59698 74252 21789
820 17
17999 52153 81969 83119 30251 60338 20672 8452 97361 27479 82097 26664 9376 44633 86250 44370 66360
3720 16
70147 39381 46806 19264 60814 32015 63846 94835 35343 11291 84943 31747 47043 85826 73304 41114
6215 17
17113 4949 29973 11421 16553 94148 52762 4744 24129 2140 14576 56408 67089 94517 45216 49415 96662
2752 14
30093 42004 60704 22563 17569 1151 72096 48863 9004 17011 7666 14001 35519 87812
5804 17
94485 99751 90819 91571 51893 4467 68128 41712 8105 22763 48473 62136 8102 62289 5917 30618 34521
7791 17
23942 27113 54133 35109 83007 41427 75810 87331 49959 87958 48237 26638 84014 32187 91641 81874 93181
4278 13
1017 60842 89993 71948 25418 25988 86558 71572 84134 4872 20348 54399 95136
8449 14
14558 20646 45138 28274 80146 39740 8130 1067 63841 79160 6551 88496 150 18333
2939 19
15294 83578 71221 60020 34818 48044 49061 44832 86735 92297 94255 58811 21792 20079 38351 45175 11719 82135 43139
1886 14
23337 32430 90527 69917 34381 99025 18501 24943 27423 56011 77196 19375 76267 16148
3612 10
12164 75570 74097 94125 16598 22854 26970 15834 60652 25134
5484 15
66854 59674 41165 57344 22448 97383 27715 50882 72129 34300 37417 13019 34213 30386 43379
1584 16
80641 55911 51502 39082 13976 20516 67789 21771 11055 35610 87744 92745 95584 91937 41634 30631
8177 19
86465 62193 37076 18057 27778 61129 12332 45970 34772 72882 12082 15824 87722 47292 19949 68303 41349 30779 42461
1488 12
24347 5672 94462 22695 39288 94939 1762 80258 32887 97224 14619 37975
5345 18
860 89116 97852 15602 94530 98257 32964 24450 72349 11138 17624 31374 36536 95436 90912 13629 30131 56301
180 20
22770 56086 52970 71005 98128 862 79716 3243 20863 72660 75870 84541 97815 53633 57753 65750 31588 87213 35394 54866
6636 15
42641 997 71874 5454 54092 97223 34089 1816 60066 95361 75695 47875 47982 88953 32592
2786 14
37310 15562 29626 88803 99560 10714 7537 53376 38790 72419 55427 25368 27246 34993
3892 18
20053 99035 36386 94948 62900 98800 67317 71082 22403 53692 80893 32622 12462 87941 42265 92764 86775 730
1229 13
79616 90096 42863 89893 69387 11794 11142 52749 50904 8896 76472 79141 63469
273 8
54141 20523 43542 26350 81132 89638 53297 88489
7709 17
99195 24499 69407 9816 71892 58854 6194 78733 23021 56021 67654 91415 53259 88615 70512 80735 37972
7819 19
47416 71839 88097 42215 89224 58796 8183 21414 86747 20549 60221 53006 39170 32704 86604 1367 37514 85469 58040
1668 19
80410 44718 9362 36335 24030 55783 58743 88494 67446 45921 46296 40392 71723 97548 21420 77215 17657 54122 77181
3470 15
20558 98740 83206 73037 46955 33836 78132 77800 56067 88324 41087 72116 20222 44068 23632
6772 12
19919 86445 24112 75938 62509 23500 45113 88834 90050 95512 46842 68161
6313 12
93797 31659 43265 78987 82829 28797 67578 11942 40845 71033 55835 87162
3148 14
36813 23400 48541 32967 20102 41864 87563 95340 21022 69943 87166 23660 71769 63389
5100 16
70299 3203 75251 90513 32501 81289 3095 8513 96189 3664 63229 57302 46790 65914 736 88881
9795 19
82816 40005 63213 20885 76529 21612 27957 51869 21198 17117 43506 66744 91990 41804 76716 34002 47305 20434 65418
4011 16
56544 17556 27377 93247 91863 62780 27333 91367 45199 64750 19886 71497 25444 95834 84344 37512
9689 13
52717 16618 25065 24717 82941 57232 92443 20901 99959 26460 41822 99017 52173
4474 18
98925 8893 83084 60352 14861 18280 74781 68201 55416 35074 68386 85556 43219 86983 97113 27083 84418 96342
8109 12
66840 10811 75268 34450 42969 31540 23360 52328 42782 59017 36052 52339
9985 19
5474 86708 18118 352 81477 35989 4521 95315 81469 46976 43277 39791 57997 13262 94829 27065 44342 31641 71651
6307 15
89704 32075 31376 40560 27148 70961 43113 77337 16080 78552 42450 45107 25674 4836 79172
2415 15
17257 74055 95638 94287 27490 83554 4557 80257 17962 42484 53402 36089 45738 86608 46548
7984 19
44930 27980 57104 6981 7690 38861 57279 91557 40900 55615 78896 88120 97991 96995 83098 98660 59248 60574 56008
8279 11
63029 73237 11213 96414 98543 32039 43322 79437 63624 82502 24737
7474 16
31076 56439 46285 10368 56389 96179 10447 37821 50513 88361 26720 40882 74623 20262 52192 55913
7734 19
95387 92277 95683 76638 73853 108 42257 25989 59922 16254 60539 23806 12479 47672 90738 41152 70372 96541 10068
5097 15
99934 78906 44628 77137 61972 71511 79915 1141 93115 96530 22486 60295 20396 95489 68596
9833 11
74638 74124 14706 60218 13060 63306 4580 29207 69354 33929 42595
6924 19
71058 52515 321 21608 74778 914 26289 11872 72342 79063 85194 99091 17326 72444 35243 79444 74130 28224 437
7010 13
3374 50049 76342 73618 32844 36326 84419 76992 6527 88013 33506 7866 9494
2312 16
13823 98469 91794 81542 59775 68329 28085 36522 85350 71048 13730 49408 57537 96364 94581 52696
5912 15
58401 77245 7871 88435 63121 99381 14229 56772 17694 36075 35156 13665 55233 96622 4145
7193 18
57697 88975 59092 69087 45085 92266 69289 71752 85721 21857 59466 87526 81187 84847 82055 28134 39397 53826
9933 17
30985 97445 41003 49476 98843 47860 75433 95604 76912 69759 43386 98630 61615 95893 81109 65315 12594
6754 12
48874 16462 73946 69574 57188 6136 64971 54195 47046 9716 60674 38055
9208 12
34691 60684 23102 83127 68199 76851 91296 39015 497 99956 88985 28476
416 17
27052 96196 71411 80870 58698 61397 57140 78548 10280 82929 19674 84065 97542 348 1508 34561 85782
9028 15
33839 1506 85016 37017 90292 70946 18377 69008 75877 27682 83450 51723 71195 9170 151
8624 8
16149 95528 43169 3347 93028 13968 61292 26914
7243 16
30369 27950 76394 57434 83823 91025 50394 60513 77263 24818 43122 36003 42008 92712 41457 50324
8392 14
69215 80643 41824 29951 42060 20066 99981 6519 96946 32513 95714 96203 2231 36885
2928 16
97630 84448 67282 16309 16159 18109 12157 57257 31414 15036 82132 50115 47749 63149 77931 83392
4742 16
56443 71519 93082 96223 13207 10573 19146 1743 31598 40125 71030 79458 80334 31916 22189 87984
9564 17
78145 39193 32607 38194 65091 4400 3879 47827 70424 56167 77329 94564 87438 92259 89514 36491 69604
4170 18
24690 78045 62164 13380 21707 9654 8546 56800 84045 22287 3723 52006 39584 83717 62841 1918 80354 61321
2394 18
47576 34607 94214 96142 36757 83514 1998 63799 25967 43263 95029 73569 6758 20575 12871 36193 9796 29201
4194 13
40861 16943 13128 73906 53815 56177 77193 66263 54420 21300 23520 7184 19288
147 18
85475 37898 25669 55169 37483 53926 37740 14550 52718 63425 73296 19749 94927 22178 10586 68662 35845 88118
7582 19
37525 88057 33158 82778 1809 91952 74381 20934 48702 16226 47879 84906 57028 62470 21340 29878 47593 69696 77684
1897 17
79361 79704 67223 51065 52350 98006 47795 4982 57867 23838 76005 78574 92617 60073 82089 1907 86609
5171 19
16578 35832 10543 49129 52278 83485 98516 58294 71222 53013 31258 22050 72825 72316 8111 32968 57161 30835 80163
8518 10
85977 38231 56852 92374 41806 36836 11461 22438 97315 1534
2942 15
98932 81564 73004 90045 69898 19722 39100 23015 82493 25245 86813 6497 62440 54930 5417
6273 13
857 43226 75959 12488 97091 76040 62490 95368 12008 64713 60312 5951 12290
4924 18
92541 59614 93078 48782 56151 13354 87012 66749 44645 21951 44115 66609 99110 59889 33792 71417 66797 6532
8912 18
36219 9206 5735 53735 31202 11771 61440 51355 23631 24608 57032 74752 37555 69852 33840 67082 76800 51469
3064 9
88554 28636 93382 70647 64034 40852 42803 27067 62653
6724 10
61454 66109 54142 63341 95077 92534 15302 90183 85301 55452
2722 14
22626 30535 63545 91360 58239 98911 75712 85352 91586 72772 2495 75932 68648 63596
205 17
48013 59987 38482 66489 17610 89409 35266 36301 67607 64997 5036 28752 22789 15899 54398 81965 85922
3730 9
53438 71144 68549 12766 87049 77932 40837 86078 54628
2097 16
71974 13950 4479 36914 56512 59220 99396 58614 95184 70408 55915 30639 19472 72902 35119 84576
189 18
88865 93551 97186 19259 558 67725 82215 25200 86126 81063 46361 71241 75804 66236 19050 97539 35951 59556
1603 17
45451 3401 67702 1478 65493 69034 29990 40011 25215 70693 29603 62512 22941 91212 64885 87388 64443
5510 12
66083 80974 15448 35068 45455 23029 61620 49426 63147 67104 78494 77436
2998 15
16572 31009 41318 13822 71448 88364 26160 31381 12141 54540 42006 59790 14986 26729 87616
9534 18
69664 94191 812 93040 26956 59041 57504 29539 9067 52139 78748 78828 43216 21698 57427 85611 53740 40101
6517 13
94997 68098 54157 30237 48405 15326 21435 96553 69713 56846 99325 82125 47637
6153 17
3584 66969 42225 66858 74845 99823 66107 84343 26120 69519 51064 16235 72700 21525 60960 29233 9862
4618 14
5242 12430 78103 62124 44069 49356 18713 73190 39285 56330 86718 97876 99623 95468
335 12
47002 51965 37895 80480 93125 67888 94501 37203 76675 29236 14122 96982
9050 18
17366 88577 88542 66215 74653 1448 49814 23599 69708 48854 71952 36869 6413 15685 3889 77321 58266 78140
7084 12
16320 25638 25547 39056 47433 38327 29223 55157 93825 70667 50476 38219
3586 12
57227 71835 69041 69328 44102 40780 5869 43105 15365 86665 74127 66498
2137 18
70379 37854 56949 64790 14704 44632 36726 75376 26245 46404 93795 56775 24477 75016 88626 23019 70737 16397
8677 19
59762 61954 69066 98603 36527 63444 84362 95939 27075 87787 86212 5765 75934 11813 57476 65537 70719 55736 54100
5857 15
6504 40680 22716 72811 85184 94779 99699 7444 86694 44471 65193 25390 58643 76320 32808
7078 18
6535 33797 18627 83541 64421 29359 2187 26141 51012 73397 74044 43578 94088 37913 13571 61642 64525 65959
3245 12
16918 34803 16529 13640 17762 25424 44312 92454 53768 23154 38197 12848
8981 10
73258 36381 15079 52999 53912 87611 11981 89217 68881 92873
220 17
80199 58268 37332 69313 53737 15813 42679 16920 19587 51537 92984 90127 48577 79410 27476 33342 18369
5604 16
88745 98615 83808 26363 26512 42354 3229 21085 83291 89538 63689 63423 74267 98019 95456 75707
2819 14
53398 37738 73219 94870 3543 84131 84230 70051 11173 30728 37410 66875 43177 43189
8839 16
73517 13780 81713 62467 17418 61444 25692 80409 4964 15830 30601 79479 48420 24954 25978 76776
5172 18
51447 57499 78612 52269 6742 17102 52564 57587 40985 22553 863 71104 45727 8430 24432 67828 5955 32583
3907 10
14146 45631 92245 99279 42943 34950 58981 27219 33825 39237
1342 10
74766 19315 46270 67961 86196 6330 14075 88043 56297 34616
79 11
5547 20294 15601 95827 81522 68010 9743 3069 34003 17409 92238
9647 18
6639 93830 20992 36874 77077 22523 36307 29392 69201 25354 15121 35547 14951 46419 25514 24037 95318 47109
561 16
96955 95256 53763 74585 62468 97761 8806 97800 8987 99897 85188 81332 51002 51720 25871 58923
1478 18
29736 81910 56764 95287 31959 59763 21990 16091 11030 70272 40915 94114 99281 44076 3165 94760 16541 88154
3631 12
66266 86143 59251 30548 40965 90539 34949 12851 11774 22869 64207 67343
7142 14
43691 35387 19387 69766 72642 5224 61807 1585 27558 67052 76010 51013 31774 1536
3766 11
97610 53710 23121 41609 98159 72504 89793 24788 22781 52837 96098
1176 12
17553 92171 91262 7382 85015 58895 35942 46632 57842 84570 38649 63336
526 13
87714 67485 29292 2504 33586 98157 9200 69570 54307 62761 16735 33981 1491
141 9
61373 52135 42032 33554 84401 11061 1616 27534 21027
3548 11
40089 7620 43615 85798 98495 18494 15037 49240 69461 72581 62046
6765 18
88955 82728 94960 38665 67987 65380 45255 83389 91778 51490 81792 4950 69687 38382 21043 92120 33094 15004
2990 13
1694 86907 18740 19416 91454 21894 92293 59140 66032 96168 91357 55196 29099
4188 18
55107 24790 78967 4685 65716 48855 61295 3949 9443 98086 9776 42996 94512 53254 61376 78816 40737 49469
8663 10
9850 6134 8726 17711 49876 38608 60655 43539 56195 87246
29 18
93750 80532 77682 66311 68449 12708 33042 69361 80009 55674 33336 68691 77350 99675 97733 50056 23600 69534
4660 16
39466 49130 75421 50666 72867 62952 34629 82664 6364 10404 18015 49197 68486 26081 53046 8268
2138 11
20154 37049 4045 49068 59919 70282 76670 1663 43595 15015 25805
4669 15
53493 80104 50155 33474 20140 51957 97651 38851 97200 7570 70364 32340 10928 47499 16777
1476 16
47921 36162 67602 57158 72019 80283 96318 81097 75901 67690 71712 97603 1961 97715 19419 62389
555 15
28172 79265 57518 22635 29340 29929 67932 11256 35007 81758 83947 13054 26049 52206 52560
2373 19
92511 95985 99184 91996 57460 60194 5275 42763 81065 90410 29834 80114 79075 60599 80700 56102 90475 33766 2562
6751 13
92329 82752 53100 53945 6353 9499 3186 91002 84948 97696 57764 78367 46146
2632 16
58992 58005 63572 45380 33741 84222 55553 15425 69919 17173 83070 70290 32822 41768 33928 19336
5016 15
20560 18744 22775 23219 88305 14204 94353 84141 99707 65166 11671 84538 26797 71818 50570
6213 17
63457 77424 10865 13393 29136 94635 72552 46054 82724 63817 51875 9811 29045 95472 58212 40932 82901
2567 15
36475 71812 96810 20741 47761 8448 15997 18612 17752 63381 48742 72348 30691 72801 96368
1605 16
27546 67683 73338 20077 5860 56570 6332 16775 7431 29276 43937 88548 56505 90702 33567 19402
7674 14
13561 85631 99203 33430 83532 38030 40955 92671 96371 96548 34604 22822 23230 48355
8314 12
56962 8642 63791 26183 3608 2974 49592 15104 41770 68776 41045 13404
6396 12
71240 14995 28919 80236 68119 14039 10810 49992 16288 67310 53076 72098
2077 15
10651 86087 53476 74543 29490 5854 44966 41373 96793 85048 24113 60135 68194 24391 48777
6992 12
36392 11808 41507 76198 78207 57291 19916 93173 65452 19422 22059 38949
1494 16
10085 83382 33941 19590 78650 28139 58926 6977 50380 82346 15489 56450 34821 52538 80514 24827
8261 11
69785 52714 4281 14258 4423 91973 78430 93877 36050 13211 52458
988 11
44001 6369 94636 63674 680 30576 51099 82782 79548 5653 25124
7956 15
23650 83790 34990 86621 25103 2365 19498 11082 59305 43098 99270 39793 8361 89710 91358
2541 16
96147 57554 79040 25662 73929 12444 32094 41831 12038 98796 43459 29965 19302 59039 14967 5197
462 15
11995 88288 65678 36094 36722 92412 12322 82077 31505 72407 29109 84319 76817 73681 45164
4101 12
2013 840 65631 92118 16166 39838 8983 65510 30611 37650 97993 58277
2595 19
68600 24051 74434 65394 6211 14294 53077 47277 7402 43589 89403 20237 37988 99774 85163 21527 32210 58789 4574
5570 14
53291 93673 63811 50259 73603 87562 47429 36077 17818 85598 39701 53948 89836 34564
1671 13
9741 88014 63207 69330 19287 69239 16696 21087 79097 57973 3125 26508 60089
4364 14
21995 61301 70129 34699 83347 15208 94136 36672 34216 95358 7404 30905 33386 48440
6916 11
11809 72127 50484 73880 52775 69602 41285 30454 70456 28824 1234
1331 14
69820 69818 38127 59676 12924 25333 72124 53581 3541 86946 81015 31281 59974 82656
1984 10
41551 29613 12902 95766 33464 33105 92038 32744 60456 80178
3764 18
51167 85103 69583 56429 71135 95518 6181 86064 75741 60695 26712 89748 84960 69806 33508 6290 76664 4642
2881 11
13893 25536 80716 96993 5967 17468 76033 43130 90360 92110 20498
3999 14
97302 56661 65489 13657 77440 48817 87352 3733 68419 12382 98584 34483 51204 22678
6715 16
70288 49510 96008 69349 94724 95314 3598 68116 34769 21077 98111 26822 67956 75926 92033 1147
973 14
91042 56535 18062 83999 67173 94639 50798 92793 46139 6862 60779 92156 34780 64268
7259 15
28997 72463 70983 5724 14752 76191 32807 65832 25195 44513 28395 76989 40686 40291 28376
4847 14
43682 86820 85766 16173 11089 15764 39814 43770 18218 28196 2851 78893 49101 81475
3854 18
2245 69562 55034 6534 36681 23466 80787 84046 23882 76913 94929 20817 92790 32246 28893 28622 27739 34562
7007 14
98729 80330 65628 37396 81941 97215 51572 48876 60591 4710 1617 52012 13798 45220
1420 18
76512 27803 26410 18028 72371 28783 88102 74425 89894 11526 24206 24401 46426 80524 39276 82035 1597 84686
8793 12
81521 67518 73535 80599 40743 20512 52159 58865 64717 84170 56029 72313
4677 15
60333 43563 44563 5862 72469 96475 28087 89654 13292 21688 71682 53479 86628 12029 98754
9733 14
39173 38374 90923 55543 58337 16989 55530 14939 77857 25678 52738 73503 46377 4715
7658 12
8891 20970 40645 25826 48988 16453 55638 62112 25900 47815 31242 82620
2651 16
87520 40436 7277 69343 6709 84919 33345 15485 51735 90615 34930 303 66504 87639 98402 89695
8180 13
61325 28946 41992 78188 54818 52039 9612 2533 75155 65147 50585 98201 47789
2863 8
58684 99870 11046 70638 855 51663 30562 19056
7445 10
54006 15917 34472 19351 80365 80625 85554 84320 15716 33977
8931 19
44975 46470 5681 56908 78860 19568 95780 30542 85129 9389 68618 14462 48430 99045 14270 73278 51296 64479 79669
7922 19
71172 98150 50517 28021 44733 97664 40713 55821 60934 53090 98409 68941 27539 59814 66895 93038 27402 87544 30135
2904 10
19713 55723 27446 60058 54135 43181 31835 94923 42921 91335
6229 10
76302 75827 28422 81657 24198 14751 61540 8106 10817 17584
4397 17
58227 62566 70596 57816 78149 766 26663 18659 1045 88370 10042 47282 61075 41856 22832 5263 27853
3737 15
43158 47737 85327 59688 21489 49181 88312 12565 21407 43515 34756 68991 84845 12217 59149
1397 18
17529 14265 45733 50055 83582 56640 1422 62582 13136 29597 11232 73566 80506 18788 92248 95221 66665 36689
9747 17
13836 85530 9455 961 40105 96639 5984 63437 74992 44566 61586 6825 91822 37608 19882 10531 7418
8910 15
61520 97575 92261 87320 56663 42750 55435 83365 35807 26215 22611 81603 19559 19798 13132
2049 15
8173 58646 3273 98753 8094 22890 32306 49714 9086 60204 13521 75571 8782 79668 20983
2510 11
20151 88952 51299 90510 94567 68356 58544 39652 58393 19813 70989
5818 17
55359 1281 66216 84011 40475 91785 98400 34960 59170 32589 35342 70993 6644 14283 10087 51908 72617
6129 11
76567 10774 18743 21030 92605 85677 14224 43174 65399 60913 95606
6902 10
87326 73429 89815 12745 2063 66272 43924 55892 71819 96365
1967 13
43927 40905 58156 8369 33135 86026 92869 43534 5236 44470 26335 73638 40595
2426 16
62386 46011 29891 79815 47956 20121 83455 80268 32695 26876 57164 41980 15831 51424 36818 6297
3707 15
94335 59239 77984 32128 26731 36584 73730 10101 816 15299 22587 20909 69122 38976 57803
6054 8
4824 58795 69265 4114 63110 15284 52082 61539
5202 17
18250 60356 31782 86155 19273 21096 65496 84690 58369 62898 97824 34541 87187 84619 58381 70761 15311
9169 13
11520 11370 56712 94001 84264 73787 57665 25298 94834 20169 78627 26658 31518
8628 14
92518 10086 58598 90841 31738 19720 47784 78777 44180 72673 70325 25297 63623 15373
8418 17
68833 76548 17267 25789 28388 8082 1664 25479 38645 8393 66233 45466 68812 84299 72681 66298 13143
8572 15
12537 5616 22464 61981 91093 96767 11908 82427 99978 29877 64529 54514 35534 53430 83108
673 18
73053 37068 58881 17215 46508 72520 50079 96349 29444 44256 93437 59134 42583 92933 20178 4694 74144 65306
7294 17
9222 87816 64804 14773 92094 74403 83381 24763 83796 14520 10973 23108 1412 79261 12787 55349 21556
8260 11
8391 43255 63560 47005 35133 92119 2337 83122 75316 59725 87805
3726 12
25619 60925 84645 4363 64035 32226 36631 28561 19778 28990 85115 98339
4450 14
8070 72514 21243 91287 21934 44453 7272 36551 14456 15705 75873 12356 15875 77812
8222 12
40631 56920 89187 98195 45179 96763 82830 80975 52797 63316 5394 32921
7043 17
46152 88365 33162 71566 75671 81624 98556 72034 27507 39966 43947 24775 55480 48884 25777 61378 9879
9203 11
24592 81842 27088 71731 83264 8470 38458 6905 8113 67814 91060
8363 20
86460 75160 19297 8218 22066 24495 10067 58215 52197 4338 95698 79757 90492 77027 21268 21457 17958 421 13267 12905
7285 11
40018 63576 89313 26738 73564 5389 69891 83724 81492 65547 24772
1154 19
76263 89411 4517 21593 94666 38244 68390 33886 87964 22384 93107 44725 33249 28816 45281 78403 13341 36558 10939
7438 19
92491 76815 43162 1137 35463 42865 51686 50938 85581 86426 68645 74677 29776 82920 7093 59314 89848 39760 60101
7282 20
30873 47738 81565 90348 59316 64848 26665 82774 74056 99787 4993 94896 17475 4569 97316 3014 999 98691 7812 96185
6025 17
15234 6027 69963 10318 83520 30227 22909 95640 59016 55115 73040 7756 60996 79770 57798 32999 22120
4164 15
87460 40738 44932 13419 35906 4947 4903 31466 83030 32376 36802 5488 29670 91515 83957
5 15
90613 30091 70553 47081 98759 14459 86009 31929 83777 62891 41431 34776 32713 85820 69906
7175 12
66907 75263 28784 39305 23413 28230 17709 96386 68888 4082 14897 55577
1617 14
77589 59984 29324 3912 28758 2333 90550 29606 91605 26184 19774 91056 47934 70432
2233 13
98684 10891 40443 52084 61160 66997 72735 7800 23356 18383 24448 18621 24127
500 16
57125 91652 66310 58655 98148 78037 25274 65414 99206 71608 23993 53816 94222 22226 22260 98225
242 17
20744 36153 189 19002 23468 395 70018 45438 43269 89742 48235 10942 17280 86949 78106 10820 98978
733 18
79180 92724 39705 55817 92955 86454 49094 67770 13284 65928 10133 76251 80266 83833 95415 66261 27665 5837
4709 15
47659 2950 48454 95146 2618 5092 99015 23260 21958 22896 56521 83375 32335 17018 99818
2703 14
76451 33571 75411 35143 56131 35603 50817 97736 22680 95526 96945 70683 35062 68548
3164 8
49782 32687 7633 66562 61670 72596 31190 67484
868 17
24532 71352 20414 52243 47902 44131 17941 98580 50525 50252 89428 42156 38056 4267 19436 48775 4022
9918 10
63551 71772 47523 14457 27484 83949 61821 79933 49584 31825
1873 12
92516 81407 29783 83314 96876 14302 21409 34416 83188 75354 89584 87217
6893 13
86137 4230 75829 25011 6665 22537 47187 80059 96605 69038 95392 80312 95732
2265 13
88338 46964 19445 84763 21588 40925 61153 81633 91725 67068 26519 79060 70665
4154 12
2105 3619 50924 26091 32941 51548 66068 1117 59035 63752 35994 89968
6763 15
75245 41581 36512 91995 77733 47378 91707 40343 34547 84762 79299 33409 65348 39160 50338
3394 11
39436 15939 54203 95135 98924 10938 58482 2863 41598 64967 93786
8831 9
935 21173 92109 73255 83003 9652 8156 60767 28394
4473 16
42415 4317 53865 73746 26005 6122 71325 49167 23389 43064 18569 91984 51623 80782 50710 77021
479 12
65438 31568 15780 13011 90023 95650 77731 9176 95716 4191 98692 15992
8893 11
66601 1543 83218 53488 38000 90842 41848 49793 40824 94973 3751
2200 11
65165 88829 99833 71186 85916 15714 48075 57766 20587 46567 98647
7021 16
8126 69638 66024 19902 71524 34954 71094 39880 15673 84776 65056 14586 93967 58903 78444 86633
7308 14
10896 21713 75913 48460 67249 11678 56598 78871 24598 38808 97823 29482 31752 40867
6387 12
85082 78762 65040 98934 96352 36080 96160 47331 16104 15951 29687 24505
6079 13
81771 15659 16853 80276 77000 76709 22024 61223 97034 49 49798 51612 10997
2976 10
57087 71809 78019 67248 96358 90825 69552 74210 92701 38303
319 13
71080 9703 1286 55351 75106 65450 13491 29987 61579 12761 3195 30045 2162
752 15
12133 28446 16350 55619 93744 18064 61302 70551 31700 72792 39254 81483 26416 43031 91548
2848 14
31963 69102 58578 43702 98293 94845 33192 77165 28308 28054 65442 74347 83820 50366
3729 11
2650 91787 95081 15581 83971 25485 92769 62809 52186 11564 45274
3919 11
90734 1184 21917 40245 66590 94347 4461 89941 15819 56056 69802
520 12
24213 81727 63571 13982 61116 41348 19502 13745 22444 34091 30948 110
8902 17
33301 22675 45112 94621 22065 32830 18407 60157 38268 42818 24014 40132 39516 45574 96807 63862 31122
2276 14
16594 88880 49600 40974 39529 60061 28198 83080 75298 80809 50057 59168 43859 22235
4236 18
18928 71976 48622 59741 5946 57619 87071 93326 87281 8116 8349 53937 19151 64831 18658 96879 82187 56437
6953 14
4460 71259 40597 2391 45821 54548 6931 67642 46259 29728 66523 84887 52169 46501
5811 17
85320 74557 27102 6893 35642 45346 50897 17872 73954 99537 13126 74209 1668 30850 72936 97719 72787
5805 11
750 60441 10948 44922 42579 11382 89107 38167 17515 42416 17082
3803 14
43414 27846 64603 81473 37859 82676 85045 39036 75350 91617 88885 48651 3469 15346
667 8
49708 65505 84084 1529 37390 6328 4430 85898
2075 17
24782 49072 84055 68423 92693 18433 18122 39879 70852 86288 50393 41424 99139 69430 39111 4859 38228
1307 15
46815 23465 40496 72959 33850 60016 52535 77218 75297 37105 54991 76167 82495 30185 86902
8226 18
55921 97687 63151 39877 1389 80110 32452 91670 94548 39729 67199 23282 89734 64000 62583 32778 42020 1636
2147 15
14417 21848 23635 69647 58874 70931 87523 88703 69524 79979 39926 94883 66472 46721 70177
9496 16
99645 58606 62496 37815 96840 18046 79773 74179 1530 57726 91416 48561 94658 73873 13615 98391
9080 15
62283 62624 88381 36678 10837 22636 82772 71727 61045 50566 65491 25423 34134 95328 27874
9785 17
94109 31183 33629 34944 59260 3574 80556 82138 34697 90252 43724 25684 53629 18022 42219 21399 6695
5810 11
7993 28584 21603 86804 63360 61998 92677 51085 74309 74884 81225
4065 14
69141 69244 43537 90021 18030 33951 16624 59940 44996 9496 6561 86029 50234 99292
9233 8
47720 70581 46174 73664 57882 25076 15703 96202
165 18
70232 77458 56855 28355 37089 6338 82111 76135 81958 78600 57068 71402 78531 77356 91426 33518 88798 29967
2520 13
54251 75242 85757 81415 12702 4711 58768 58484 78694 18188 17323 95271 64602
7038 15
61179 99644 64379 87874 80352 22970 34793 74706 3068 11272 45102 70019 43484 16268 19777
5551 19
2017 82686 16393 42531 49872 40140 25876 2528 46752 53504 96884 2612 12935 42489 29773 99068 69726 35382 61909
5558 16
81428 23092 84504 85980 52752 80896 57283 98107 43492 55631 73892 25135 79856 13453 69716 8906
8056 13
31110 63827 35890 3561 75487 45770 24457 19817 87430 34361 17128 96476 28167
2017 14
20243 5622 94563 97604 75426 76967 3036 29367 17264 23740 62087 67785 57327 59125
6115 19
63877 83165 74708 46716 63246 1292 68866 8724 77082 28690 31377 25374 87223 30659 20120 15175 37543 61183 7852
1486 17
26716 72111 40667 53225 78407 14278 72607 13851 18832 44282 5811 39766 65666 12250 79319 96225 96627
4046 18
47550 61947 55001 45505 83754 21386 34800 63367 49922 99007 80920 9968 93155 5601 69492 37364 64874 48110
8505 18
51950 91543 75626 82264 70781 63958 99498 40259 80284 10869 86182 35399 62215 4848 44883 68405 68816 53693
2385 17
59548 32956 516 31141 69049 96413 49303 81722 64820 18518 93376 34520 88792 40289 80895 93991 89783
5357 15
30926 28226 86311 61566 49688 23666 61616 69433 2897 29070 41159 14299 41964 15395 86499
8194 10
97350 17510 42087 43912 2214 14162 64145 36780 16185 41767
5555 16
43114 41617 26780 15588 5128 48511 40617 72557 77368 44824 52666 43089 53231 21604 3773 88406
9641 15
95066 91498 13853 90634 39752 56583 85065 52231 46240 77591 91071 79482 78078 22138 79147
186 13
20557 95871 38500 9144 23306 21969 62546 9510 85818 88442 58615 59043 94298
9548 12
5328 33079 12593 79741 42365 49282 76966 2920 87321 90100 50610 65341
2994 16
30713 8702 63097 79064 92299 18592 89280 10665 42543 28101 50273 61227 1889 95636 43842 48952
7630 15
2334 70287 37838 23548 58172 82939 86198 64382 60555 92006 1471 79061 20506 7311 47513
6623 16
31681 42512 49504 89744 26996 16614 96838 31814 60235 25918 2008 2855 70799 27997 4384 46320
5807 17
91271 70095 75911 97727 87892 38119 52311 87570 71923 17450 15049 92469 69514 11164 91552 39786 12753
8648 16
33752 82906 80463 5890 5663 61228 31855 85459 81295 22446 92903 41666 55376 40446 25704 15391
7645 15
54916 5565 16202 10327 80297 74489 11713 51951 98631 91775 7549 33181 49720 38206 28757
6802 16
28392 70515 32525 74384 62855 15035 23833 56425 20814 99924 33143 81284 8377 41580 64426 40156
8104 15
40855 4611 31039 40211 41855 17776 49988 29921 71238 89992 80722 1400 97450 47132 50780
6618 11
78488 45396 23316 96378 25153 5349 30485 54774 69228 43613 30986
8659 11
36054 50421 50837 71598 57540 74354 16263 46930 33893 28136 70857
6783 12
38845 16383 95095 33737 2324 57165 44717 67583 48392 51427 16770 82698
3735 10
49868 13805 98088 83762 19841 54890 38820 49912 11263 7565
7407 15
71967 84012 99915 65910 88573 17054 56070 58136 75113 18397 5091 72956 90246 46170 41471
5635 17
71504 43377 86870 54205 61221 25642 60210 72732 32143 57236 21248 13394 85062 37473 76916 50090 23086
4457 14
89928 29127 89588 90672 72070 43625 29944 10762 39188 52833 87383 13166 72866 74825
5094 13
31735 42126 66827 68166 73576 49277 45437 35863 35148 67580 4146 24566 34413
9517 14
24720 97001 52964 64422 61144 58949 51558 91100 76115 97254 88018 36928 41155 65632
5589 13
30920 93461 16716 18607 63705 41680 8447 59911 7436 59009 68026 32515 99825
3967 13
45867 5029 3934 81836 65345 82439 78523 89256 37267 16002 78743 37839 9551
7201 18
1870 46664 33173 97303 98275 95419 7886 71207 2668 71365 81726 17893 5891 54759 23777 22662 76802 38846
1515 13
74559 61927 54137 42788 64359 25660 35100 77174 86824 82275 17660 36317 3235
7555 11
80645 59433 9913 34991 98853 49271 33388 28735 93960 62262 31057
3944 9
31866 21773 39648 31687 72868 71849 20268 340 45395
314 14
63165 1523 44995 50012 59963 60167 22302 10109 84531 64337 88138 70539 92456 64334
4657 17
60216 7018 45202 53320 62814 96236 50644 6391 3233 42525 45513 43739 47168 74151 81968 39553 52705
229 15
25515 86082 17533 55527 1634 57462 28624 68743 28723 33189 97259 63815 88820 41469 5422
9486 15
77993 25214 29781 29916 88042 144 96171 85828 42294 1142 3667 13021 47863 25217 81616
4058 13
46516 84900 55020 29557 53443 46267 56871 62267 7826 17426 7336 50042 27207
2457 8
73007 58821 8334 24780 77001 23508 91283 36987
8734 10
49319 85619 23616 88905 86430 52536 26254 5728 763 83454
3552 16
43720 31819 89918 68779 4127 85967 42 12167 69434 15879 53591 77022 64890 46670 39157 58989
6464 17
78557 73781 58880 71231 73743 49221 42483 37271 70117 7568 66338 51166 88610 42093 7421 19163 8972
3063 16
71131 16819 52035 57019 43432 7979 15679 26109 29483 87962 43560 51724 79992 75859 90970 69816
4614 12
4248 59414 38614 92694 6797 80231 11040 96201 89416 90052 32798 76366
7534 17
6159 57846 42500 65621 62332 57589 63250 96584 75223 47444 46911 12910 62273 70731 15974 60646 23357
7954 10
19268 66778 44258 38185 88317 154 1340 10657 96374 91676
3025 13
89152 795 16177 23992 75910 13068 78581 12837 25569 2813 33754 62511 14804
8644 13
35464 89846 73627 76680 22724 51062 89898 23452 34877 26767 53074 34444 30861
4818 16
1357 61078 51633 78763 96916 81206 14341 98938 38860 77117 46443 46047 50572 59787 23039 12670
6318 18
74471 73217 44655 43660 21769 49973 44607 64541 36051 44494 41606 91698 53343 24144 38149 4346 25910 5330
1683 18
99563 97826 26994 71602 76241 69275 95226 11831 55987 26936 99745 62990 20579 87175 24291 16740 65612 28803
9432 17
2249 98418 56335 17858 95835 11634 11793 96975 69921 89583 29522 43546 34357 1915 36104 16250 42127
6212 13
62838 10024 84445 15924 35388 35386 29498 14766 52625 28692 96981 11374 5696
2977 12
55942 3911 26975 15505 5806 22277 93384 51874 12353 17198 1255 2309
2269 17
13151 68373 36013 77141 83406 54550 7341 37632 27432 25367 24443 16400 54049 48995 21349 79711 60244
1963 18
41579 47421 21730 53039 77314 41118 27447 85379 41602 65636 60410 41207 70641 6107 95370 61203 33341 36653
7135 17
17460 25117 59399 68568 86150 32860 88147 95058 34660 7460 90573 78918 6156 75225 22354 57790 5254
3246 16
85337 56250 92785 65762 60922 65952 17430 89760 16692 78963 47320 41312 57524 76156 64095 29981
4556 17
32157 40510 57800 36222 87866 37414 43049 15115 45034 972 64985 74165 54089 33926 76785 91644 64604
5156 9
2718 32131 71747 62996 49531 14426 93074 90351 92323
9960 10
54985 19578 87648 72481 10159 62212 81485 72726 6102 51956
993 19
37640 5913 15551 93522 98506 73163 73605 65658 98571 82869 96099 1939 76936 61584 62743 3923 2896 81791 83276
1361 16
2574 24193 8013 66725 49862 245 23315 37985 93481 98455 82665 67742 36891 13303 77140 36320
2900 12
63775 64218 51805 28661 71673 15207 47321 5624 8159 314 21725 42158
1403 11
60650 68456 55951 80403 59518 74162 58077 42019 94238 40767 8000
3597 16
30212 95110 43268 15572 44464 11413 10118 37962 76133 26650 84345 90342 12667 73670 55285 59146
6733 11
26945 93077 89258 49628 29486 95617 99115 22144 37530 16580 43975
4704 10
88817 45187 66137 47679 26048 79826 96939 11965 46492 14343
6137 15
49339 2745 93606 20860 29301 94337 87126 39948 84257 6511 11968 74131 53930 73726 30085
1262 15
37217 91379 52936 12010 99440 89874 28974 81930 93039 60418 97293 91993 63823 15082 4865
5184 8
52462 81290 84137 20590 64904 16570 50275 49202
5418 15
76701 69668 94932 10077 87036 23189 36269 89136 75454 41145 11184 14148 89810 72039 91653
5107 9
26124 16207 99782 89436 71935 42282 90546 25261 74495
2052 19
13676 51552 9028 23868 35474 24808 47943 81526 9021 17373 19915 67938 79375 67046 41650 90795 23671 4242 3675
4381 20
21975 38669 40460 18215 75947 3505 1852 49126 46161 24950 38524 81256 47841 58217 4894 89736 1734 31979 50195 54841
81 9
50496 46586 36541 50891 83633 84897 10508 13133 44840
1565 15
60497 21345 94823 61342 97056 96150 29635 71487 32549 91398 82383 19907 52008 72597 5130
6647 13
75632 62188 63472 69617 14914 21937 99464 59082 17147 67756 34557 66674 69348
1133 18
89093 48670 67618 35861 41188 21741 20708 87020 41625 20269 4635 80544 23940 6023 84375 23045 24559 28103
9751 17
30671 97787 77396 94983 86798 40731 68269 36902 6374 78043 81153 15698 12414 92385 68977 67431 16176
2497 15
65230 17597 10644 80191 81091 90565 30941 41298 89009 2357 95546 66535 33888 86828 11387
151 18
32877 4080 7135 71319 3581 96716 65393 90385 45838 51485 8997 52988 88713 79395 38722 80806 51752 71380
585 11
68035 95338 10728 47000 22158 90553 28778 78187 62068 40085 75655
7995 13
76518 7514 78404 25285 19974 95027 30852 72285 47295 5768 64041 55364 74621
7204 16
29133 4657 61247 23390 75738 43916 51334 7673 85262 58835 71036 24627 24469 98445 61259 20277
9651 13
68410 91813 92559 3423 61051 61987 71824 51900 70422 80924 83553 86310 98824
8137 13
79951 61271 99971 93445 50711 57208 45335 17341 4070 17619 56364 23685 376
8654 16
8283 73803 87588 44501 95879 83828 59438 93649 28178 5419 43786 79317 86537 45237 95915 1226
4633 18
16590 73972 94199 38658 20706 26653 1542 27747 16914 44404 78025 5107 48799 68795 55488 15868 51555 542
322 11
37233 22915 26229 52127 65870 72500 6746 11553 24630 98762 96607
6977 16
66128 32183 70449 71114 50143 34286 75975 32393 26326 17293 1942 99975 97203 48057 70124 99006
3262 11
76096 16906 33764 30813 7047 52486 1965 85357 12097 6771 4360
3794 10
61049 77809 73939 2033 59590 67482 64506 75484 90603 9590
8309 10
98974 57734 30968 42085 70486 79288 32245 66856 46184 87002
9316 13
5807 99852 47309 37623 47249 75727 83085 33100 78016 42636 19434 85069 23358
4199 16
75745 77638 39891 64104 243 75677 56023 77775 15245 66625 38095 64248 33255 50918 72831 38354
794 9
74291 19230 26937 19564 94453 19740 14396 9991 64596
1800 9
62554 51532 24025 39404 31341 97417 88329 37546 81760
350 10
16689 4757 28363 2565 43238 77936 8204 39345 55647 34408
1244 15
4661 58545 65878 9198 75652 73099 60745 60374 15399 98458 71236 8718 40847 30477 88658
7737 13
32276 83212 95552 91654 76706 46327 17918 77702 12538 99172 73796 62385 13038
5175 11
34740 886 70139 29872 12890 81030 74994 51604 31419 57263 6659
751 15
51453 91075 275 29854 5449 33695 18471 15535 59538 74094 70627 59492 94239 41058 15713
1642 12
60376 28992 27676 39035 40340 3529 44640 60189 90029 33251 32091 80174
947 16
90804 46904 72076 3390 16033 8038 55799 92040 73900 56158 30959 8071 45418 7650 93800 33525
4828 19
19797 80928 94398 54907 45350 91043 18825 91838 30359 66981 28147 51609 80393 32776 41459 24202 44288 11114 21408
9638 11
55763 68397 54948 61154 62090 655 53284 48586 45336 15986 937
6086 11
54036 60980 23985 49256 6661 28780 62948 49150 36609 70427 18590
4241 19
65406 22983 57750 63342 28901 11817 80956 62174 87208 32512 39604 94093 64581 69432 23074 72229 5812 16678 66206
4402 10
12941 59661 92752 56187 15847 94612 47813 28026 31459 4185
1104 14
55890 58287 47255 49627 17348 94172 3806 3022 71384 92947 77783 91881 62150 69450
2252 16
94128 20491 48674 68416 43402 98399 61904 98116 45813 45591 37181 14864 12246 28909 54837 75086
2047 18
31450 16869 65400 85450 16253 81296 28650 75276 7932 37522 5708 956 80520 44463 19298 94556 29083 10296
3937 13
62823 90046 94165 80435 1859 80665 40054 9537 7363 43555 9640 80937 49214
7528 10
15795 85303 24678 21498 19125 25782 83738 79022 19154 66101
4856 17
32873 52296 32158 67208 59925 64631 6048 64511 49228 98471 80444 68185 35274 44805 47955 29110 12493
1241 17
29536 35438 7283 31753 25953 22364 6017 32832 86125 58465 64170 38480 99029 90313 34500 47856 33262
6821 19
34765 13254 40424 1631 64475 6120 40734 65710 47392 99232 74059 38721 85849 36401 82842 95339 30421 2614 93884
9810 8
53684 72649 95564 4726 53669 7955 8905 93754
945 13
70182 59483 64662 61938 99617 15560 33302 62066 79334 73256 19221 46515 92601
9971 14
24796 49050 183 5995 43708 49710 96296 35042 94187 43009 39106 77332 16829 25659
6446 18
15900 97353 66792 68545 68205 46530 53448 69144 36923 35735 27618 83774 98393 35871 99013 78839 10142 58291
3818 18
40684 36133 82884 77664 79850 85029 68854 88240 21513 24980 63719 30574 75954 98521 37897 825 96670 55017
7166 11
43444 35811 20255 99387 98138 86148 74754 49505 59221 58833 60261
1648 12
89792 51245 74578 939 87324 98662 35960 34363 63041 89332 70080 2815
5933 10
95523 56989 57640 52059 80946 73147 7410 98996 33213 67783
1139 11
20382 63126 46215 51672 1884 41635 13159 24234 59678 80578 19263
4863 19
15612 99373 89245 21759 62723 45776 99144 14433 84737 45500 23304 95228 2632 46266 88676 7020 55508 83980 79209
9227 11
75128 42200 67461 63726 43939 98859 18981 38461 17766 14391 27902
4975 16
46795 82202 50453 59131 4055 34111 44093 67501 17712 31660 9209 32445 95820 8832 480 27153
3596 13
61889 14361 83892 5409 84306 41738 89745 75766 83297 89718 46928 67444 2655
7360 8
11512 42389 26904 50678 23450 99682 33085 93449
4490 16
58202 71337 81386 16060 70238 83630 62514 77937 19038 49258 94608 73041 39788 88257 73008 6041
7217 15
73827 39816 63234 52813 26071 60144 6572 96348 10306 43719 81395 90888 30053 29793 50363
8447 7
66747 48818 42675 32208 5819 27837 69837
3837 17
77213 22974 98230 52789 9470 81538 27601 62685 1730 64520 91342 77605 89564 48163 64117 76390 25504
1868 12
11514 31924 62025 61130 16181 68996 57376 50201 96293 57160 23550 7898
107 12
79550 48205 13672 92509 52031 18315 11429 33607 2626 50847 61850 11806
429 16
50240 9338 12563 74800 4563 69309 90776 16011 34658 65576 97297 7651 74594 94069 22388 46763
1109 9
29735 78813 65141 25962 74628 83089 14698 61713 38329
9101 15
64819 86821 19066 58552 77147 50232 82354 81259 29575 21606 10730 75021 45693 53852 72384
1044 13
60239 32697 36160 46398 51997 46663 35191 47616 72992 14907 60159 2081 60633
3467 8
56363 90590 36992 89685 4713 48225 8128 7214
8390 19
32568 42303 48266 60519 49743 87760 1030 90866 56049 52167 83316 17788 27709 65036 18962 9561 93150 90497 44742
4706 14
98703 96504 63959 91862 30310 6922 65948 29426 48121 27854 52491 61660 93928 9962
9095 13
75822 3621 72812 18313 37934 86290 12473 93109 49484 17192 86613 92928 20395
5835 8
6703 24979 30382 78040 48697 93577 67862 93568
2901 16
21422 6452 19814 20707 32616 55482 94766 67673 12040 88634 58807 13741 32970 85111 71126 55760
7120 12
92811 52987 81466 78578 55580 49243 86758 84236 98211 19466 32987 46518
2447 14
38098 12674 83077 84113 55853 94881 38685 6490 10032 52781 24859 75918 9631 45763
1559 12
48838 83093 90715 51878 13735 44809 57844 91615 49428 21448 94008 32310
4148 14
42985 13890 29142 55818 39748 20686 40062 41458 57102 67569 43422 15851 83557 55540
2165 17
39897 5751 15537 41707 31359 34551 58770 30023 31140 14905 34105 66297 7075 25994 86229 83067 42089
103 8
3032 69443 46225 97035 71029 45409 5350 46425
9083 13
86690 61835 88035 40282 6584 43505 73373 87954 59202 56694 44722 83883 64502
458 14
48823 30142 31129 56783 97306 52949 43977 80536 16259 11323 50016 28423 45076 62355
9676 12
93929 68280 43234 70745 14601 24519 24654 14940 16635 94138 96170 89472
9103 10
40936 63709 94900 98080 49435 46179 51298 38012 12231 59467
2044 19
29958 39554 69029 71861 27066 89068 25945 63471 64546 92294 79761 7230 69976 90947 34336 2766 73699 63723 84863
5990 12
24991 72817 8844 46525 30267 27051 70341 27750 71709 57778 24689 63765
3433 17
71399 95524 5421 80172 22651 45251 83669 54041 24680 98998 93282 60305 94544 66059 18941 29242 75651
3406 16
39556 22649 67680 2525 55139 82917 53507 3749 86556 77535 82683 66604 2838 36740 33196 91345
4231 16
22830 93013 28 33514 81509 37715 26108 83453 7049 6070 21764 17548 68464 48429 52359 24035
8178 8
9401 81080 45833 4923 53621 50605 50677 96730
3074 15
82820 88267 81360 1016 32454 92498 28384 88537 21746 24574 63173 40967 61306 61127 75486
1973 14
28670 94800 50348 37676 81346 96683 14394 94537 28074 24433 68673 65534 5102 55929
9023 15
85054 58516 99126 67586 46856 18756 91525 53846 9790 65157 34508 72249 61445 72512 94122
6492 9
47686 86629 38826 49255 66855 23251 78408 15388 28525
8828 11
20517 8643 98048 60793 60340 54634 54746 73633 2725 32078 3074
9629 15
76914 33547 63036 87028 69054 13258 29531 18160 50041 88717 60819 1721 30591 37812 8705
4535 16
77091 28322 69520 66425 25667 36600 7516 58582 4879 81877 60973 23752 57008 17603 59703 30949
3134 16
34939 78031 85767 57795 66699 51206 85527 76660 34373 24736 76719 79014 48041 67351 57609 96407
5966 14
49097 54755 19845 83074 31161 68638 84774 24337 37855 87237 52220 27856 71086 32717
6334 15
32080 81539 8278 83404 46690 62950 10336 44348 14638 51969 40838 38419 98173 35723 68722
3876 15
61517 83254 30773 39365 82329 39322 60734 96222 80512 74294 41615 32338 68830 8714 35264
5374 14
33074 40168 84393 50546 61236 86331 3151 82644 73312 10324 91279 75704 68019 91574
8605 17
38570 98018 22204 38287 10740 17385 30003 81815 35970 36304 87023 1781 71793 5247 59953 74215 72846
7442 12
43972 88066 83475 51910 88608 2411 75666 95694 18588 31144 60742 84007
8869 14
50700 62772 27848 25250 9550 52124 53509 38328 82758 61039 49369 87161 13964 36087
4026 11
398 57601 9852 15377 8548 94401 77408 79079 25243 86359 97985
7624 10
36908 74820 49741 45974 48802 40917 27731 67049 6321 660
7963 11
9705 79522 74147 66573 28370 74649 89191 61205 25831 49736 63912
5697 18
46481 70873 31031 87577 1121 55750 95299 20694 22237 46771 66684 80194 87279 71978 85458 15736 64853 27942
6355 15
97645 41965 33872 70258 20133 65387 94618 50907 17030 62766 56480 31177 44783 10185 91485
4376 16
89126 98040 13235 92619 6162 11674 67537 39423 89574 67236 50534 13887 35578 11920 61068 36979
4919 11
6006 89104 60469 76319 74860 92830 19554 30015 97559 24316 82160
1041 9
54408 14469 94426 73870 10289 57473 18919 93566 23470
4963 17
99629 28048 34875 28802 47826 32355 21883 62023 13355 21360 67334 36289 99191 39937 44372 31380 42460
5439 18
96330 74913 60442 49521 86206 69698 75089 24440 17824 80092 20181 10570 95183 86027 92296 62001 838 51725
1989 13
61260 79182 39893 85142 89037 24761 80644 60870 97175 51836 64154 53033 70849
3094 10
10417 96483 41836 91141 19811 94442 70804 72753 26457 4876
6258 19
49500 39742 18166 64880 80381 89297 99517 1626 78186 91261 56382 52036 4743 40405 61990 79538 86338 18399 2681
3405 14
73195 13152 71486 22220 85098 56251 69996 86351 18467 13686 83492 40295 66410 32235
8269 10
75850 19008 54099 99085 95653 19870 40964 92585 79907 38395
2058 12
32764 85397 9370 20315 36073 80998 19708 37058 96608 89966 65925 51763
8143 14
87877 31231 25798 97909 7076 79441 7031 46500 45400 54130 64645 29706 33076 75709
4037 14
14868 98773 10238 57868 36940 47427 81436 84441 54646 37484 15345 90516 79528 56820
5397 15
53613 46379 25888 53554 78555 3816 53189 54150 71639 27789 5699 77282 94475 15078 73351
1432 15
44014 43667 71266 696 74840 39239 92158 63003 84417 35888 4996 39998 26297 67751 1554
7644 15
43396 26476 71355 59212 89347 97054 43063 62560 11830 22370 79845 7510 86800 51970 14114
1684 14
72537 3045 56050 89620 21264 91343 18239 30177 6115 37828 21551 63450 94523 28234
3203 18
34945 68835 4558 20729 67368 83597 96132 93289 68462 43165 3395 51322 66115 86553 54683 93856 44652 65715
381 15
83622 64923 41769 26995 75098 86835 13349 8747 17315 7 2754 40665 97925 3837 78218
2469 7
60170 1645 27590 87765 57522 67973 87022
2960 15
34976 12111 55584 43250 87793 81236 86783 45342 36144 50442 51282 57689 73536 63754 93223
2086 8
64126 8855 22534 69080 50175 10082 10909 21483
5481 16
92815 22218 6010 99293 32190 91537 11602 27096 73486 77802 35425 32556 64489 76109 60798 63430
5853 16
45690 74745 69503 15189 86337 35992 74376 46472 40237 98161 7334 52055 26098 78738 71022 51319
1789 11
69302 77689 77289 20399 97752 84132 88868 30775 79708 20616 13792
3932 14
35609 76902 56522 59960 50601 80363 64017 70752 82149 49927 29211 2929 77422 40438
7068 17
72539 25139 68501 76252 49030 83139 47450 71424 15224 8617 67357 63537 10876 80396 57496 97155 40257
8493 19
17796 46929 67179 23222 52495 64870 51494 33816 98137 28829 38151 11529 46814 39706 58613 82670 49013 19203 95865
7830 12
66809 64497 77190 41142 83384 7133 85147 52375 21907 51238 89960 34488
3267 16
31347 19951 74437 21116 39327 74502 6432 54747 30344 37906 61801 32751 16456 31974 91120 34595
1985 13
21711 53075 17474 21684 79703 44967 36762 12654 85728 50199 52897 72046 77460
706 14
20841 2800 13147 15331 28375 2442 10091 9322 90300 1804 20981 10130 96598 21956
1899 13
23284 60303 1716 62989 58204 38591 57857 18414 54589 9339 93748 42150 25893
201 12
36432 22782 41939 71461 45238 55418 16015 71506 97865 59402 37292 10122
9007 20
81262 60182 80618 14445 4163 59658 12347 43561 14134 20795 44806 20561 29593 80807 92554 35901 95500 83338 84699 5882
7096 11
14081 74848 51471 7263 56709 59961 70558 21657 37822 74167 11788
1297 12
15449 32603 35795 24744 13532 22803 8421 76677 52891 40204 29258 42758
9872 10
46559 42558 51849 47501 91580 4537 60493 32420 86685 56111
1777 13
18594 13881 96529 65113 45429 12658 77184 12267 93435 89216 43822 45486 90073
9942 12
85910 92340 66376 79194 89284 96408 68696 26131 92963 34801 44516 21151
4374 14
86257 46345 83665 8107 35776 7662 23023 84396 36125 91289 21304 65200 5748 76539
7302 12
69412 98405 76795 91896 74549 37237 18178 15124 95949 24210 90996 4551
4893 11
28005 30989 75560 30105 93129 77511 45773 96674 37160 4774 29853
6612 16
61274 26840 51976 22393 3698 11996 90289 91424 64075 60509 63998 41036 56585 56700 21810 1584
9315 8
13578 96890 45363 66798 2485 915 6 85557
1164 14
99830 97734 12671 8251 80553 20004 42917 29232 99321 72200 73021 62806 13120 73124
1453 19
17714 25123 54983 15385 56190 28208 24651 38811 66733 39332 49749 74243 1339 59341 61255 12015 70749 68226 51412
1551 14
57630 56068 37223 9404 57225 8504 4790 2684 88606 44066 34746 51535 41567 21609
2214 15
71149 6515 64376 37980 9236 69006 21223 59437 45646 59288 88742 94368 69665 75024 51556
48 11
23765 25194 35013 36919 83383 60186 18532 67080 20457 97064 58936
9173 14
65662 1298 63851 58756 92339 56849 83756 90896 325 91665 45032 20583 98386 25082
7801 11
74929 34242 64579 8998 53143 52343 42360 9805 66911 64401 67131
9761 9
91084 54689 97918 97684 74259 28058 91986 3750 55044
1624 15
2938 63294 30109 32535 26050 29729 76794 89859 5241 86113 63994 32927 32871 743 4301
4819 9
31965 81331 90984 557 60756 60731 84548 26213 63796
8427 11
3442 82839 50819 82993 10276 43211 3291 28841 79329 63169 85437
4845 13
57511 45794 23447 87288 21200 75176 45978 78259 24103 37568 36424 72143 8410
6152 14
28053 5991 71306 14160 6747 94538 6315 3713 75597 71362 23049 16806 24180 33034
8092 14
58090 11455 61992 46028 51726 55335 36132 77723 43953 27702 58423 25584 73349 54982
4215 15
2736 18783 4969 46303 25445 12790 89433 67456 64071 99574 97864 71012 80542 9327 72899
7025 10
10805 52644 5509 19809 18708 19506 81812 98482 33186 52788
892 15
29306 83271 59479 20037 52872 69377 98953 75139 13088 87443 51822 90487 51096 5053 42250
3708 16
42834 52573 91748 83868 41962 26006 9115 79985 62570 80897 70739 68448 20149 90844 70782 58657
5831 12
17638 93820 25105 81700 15833 53142 96040 84279 40620 76554 55356 76089
3550 13
36462 67059 38174 48062 59389 60417 30761 44797 74796 25997 9428 61815 77749
9686 16
12234 58585 1739 19857 67539 67202 98885 18898 4984 65300 92969 3052 66874 91702 29417 65441
2235 18
18597 56327 81026 65586 75038 47269 39343 91372 60651 71171 90978 91502 94805 19971 4980 34107 31664 24426
3916 9
99473 86408 90732 93158 88137 38239 48830 28715 11667
5266 11
22186 46615 13900 75799 77302 69044 7779 18244 26807 97043 45651
1731 17
95703 43551 45653 49365 62603 9773 68097 88863 6756 26239 26296 40693 84056 44982 76857 2408 19645
1952 11
12985 57365 31511 33240 63474 61733 90973 42604 80224 96773 41925
7770 16
24312 86072 41381 26233 79058 91932 45775 8627 36542 81669 18641 99518 47936 85119 67958 88979
9738 10
67808 40248 57908 65988 61396 5879 99559 49316 90910 77572
9151 19
49325 39121 87691 29763 59721 4598 49083 83569 33175 95891 82145 2175 4327 64454 87444 69350 30530 79959 52753
6900 13
70957 61143 95188 26881 40778 31425 33507 30226 17678 49873 65779 56122 84837
7914 12
57089 74671 81934 97637 1456 96940 44292 66882 49133 46977 16138 59744
3321 15
45249 16965 94709 90322 43884 24523 87814 79659 17541 40612 31806 38590 51858 55178 5650
410 16
86274 75795 10196 16982 88539 51626 62165 2155 47334 80829 65641 58919 41174 36890 78865 97393
6236 15
95663 89336 26472 74537 37495 85494 49075 71100 89773 67257 89011 6736 31748 23755 21997
4985 12
94972 35441 42551 37542 70895 13873 74002 10003 29701 26082 51843 61035
6485 14
76283 21521 11795 11652 97158 49367 99457 32274 85135 67793 86061 81129 11608 67371
9847 18
40102 49572 25360 83320 76930 96190 11764 98774 83562 67470 90236 51583 34886 42249 31148 86436 37905 85170
2701 18
58852 46258 84931 96024 99187 12255 71792 11694 86873 14226 99502 26007 94087 30546 18748 53122 86529 54900
5282 14
80965 89398 29560 10608 1157 24977 17716 32451 53797 38026 8636 39097 88941 26361
1596 14
43430 75356 60540 25014 30880 29111 76098 99733 15116 66979 11141 5745 19531 2125
9767 16
72338 84385 95529 20734 51380 18458 87893 27427 64491 20073 49839 25318 87193 49889 63897 65146
1931 11
39515 60866 28675 38407 92343 83027 2576 28942 41900 79421 44803
8093 16
89863 53286 34533 70998 1934 3141 17236 5675 11320 97945 22993 46747 93112 39976 35669 18541
8687 18
35805 88030 56193 57094 23849 82021 6251 43713 16672 54190 73159 38470 12743 90065 23300 57826 261 44458
2973 16
69762 98433 33853 14497 14362 37616 34494 48717 25017 78862 12163 33642 18578 27393 61101 75883
6179 13
28605 30428 21339 9572 86007 3457 45439 23087 24006 52398 63008 70967 9863
6088 13
13575 38349 76144 83751 30269 37459 22244 41914 98568 40548 77243 36576 15838
886 19
58244 96329 56359 50608 1077 95729 59837 74639 99355 73724 39817 22617 46596 82062 99704 8700 31949 18089 87083
3212 17
88095 84954 4550 17702 36599 75898 15474 26592 29924 98398 9199 703 3318 85403 17078 55051 44512
3254 16
16018 67333 7625 31863 73943 31947 37406 9197 91770 36659 34267 73371 39232 2431 57953 83955
440 17
92904 75875 22116 72845 65068 17196 14865 81887 22669 22051 52863 29751 90229 52208 64025 88277 98786
7977 18
73858 1113 98237 63465 8250 9618 95919 22995 52968 60431 58806 81155 8182 13108 16514 18676 85101 57517
537 18
81853 27234 39709 25397 98577 14282 26854 30595 85228 86922 51889 76734 91758 17842 15699 2473 98569 81581
3872 9
14823 1553 802 97623 30794 99775 79822 5104 44418
3874 14
47125 92240 87298 59828 97508 99161 1910 51644 9095 59962 78658 95847 7225 97819
3022 18
38872 59416 25983 426 90683 3416 6448 14072 61920 88733 30140 79857 9564 78659 12561 6089 18402 1628
8976 17
99108 11277 89239 74851 53060 12849 78872 73120 10516 7834 3108 64180 33228 82073 43847 99779 6077
1249 6
43004 60004 24923 13016 70255 10207
5390 15
1629 91957 41659 46059 96555 76674 37734 9937 80485 65140 61675 83944 32506 41223 41258
5608 16
27604 80523 47547 83487 77152 95222 5011 66487 77270 88551 25460 31736 81161 19034 31023 77010
6885 12
17732 85859 63259 5015 6488 82690 55405 57256 37539 6480 66579 69466
7218 17
75619 17868 42873 41014 91340 46565 67526 32922 9385 10604 19101 45458 68180 21624 49821 58235 88476
9507 14
47750 61625 22639 76685 37861 43700 82357 50520 84733 38469 13243 107 28393 46675
6189 14
29089 60912 99320 27544 57806 72577 28025 77413 55154 74773 38508 35114 35704 55709
4319 10
92950 88250 24612 83203 61789 67521 5288 28815 31577 7365
9506 15
61131 32320 91177 53947 54080 28035 82657 2253 55571 95401 64272 48747 33125 52150 24168
1345 8
52360 31986 88362 82341 91428 94509 23559 51800
7975 17
72722 83556 61299 25559 98766 37579 3073 20873 40404 62832 9242 59175 69390 34605 70037 5211 36179
3052 12
40708 77918 96397 27905 70283 55255 60593 9617 74867 20065 18689 92615
9491 17
43233 93645 77838 30057 48148 55917 11705 83160 96897 42802 44618 89327 47083 4358 3008 71257 30009
2577 8
43428 92212 41692 27038 48261 90400 79639 98297
1978 12
39689 25345 65957 38207 98454 26571 46371 98923 92074 76064 37793 14277
9283 14
50737 61360 32820 23713 12928 69266 91110 64807 54745 92144 52982 6947 32121 9580
9992 15
65697 18310 12834 19245 84675 24118 50037 21906 60898 65970 2448 94642 54487 28487 11896
3454 18
61351 98346 52330 32422 4898 19304 7321 31384 65309 65984 65362 84783 19732 34871 9148 65778 55062 68136
3963 12
2032 40951 77271 14372 46136 44899 40175 5135 8815 84695 86171 38634
4252 15
73224 19213 86957 72729 62340 26067 73659 92372 73169 87121 48475 58654 28200 51077 34069
8848 11
75239 24353 86294 52782 1925 23014 86770 15262 31345 36789 88061
2402 11
2946 92810 22988 35838 47570 12370 27663 26911 56326 17679 32211
2161 12
85231 60933 8541 77726 35535 42313 79403 33316 54735 11177 27813 29731
4979 12
55331 34099 5945 52596 9990 18678 82888 57151 68539 69293 98510 37300
8358 13
97846 67299 97662 66852 73374 75553 76316 63085 95792 45588 64019 17333 16936
811 18
94207 7006 87847 13093 66814 43056 33777 60123 32257 58470 87977 36628 18871 84120 50881 19254 11148 68738
9124 14
32653 44053 62522 15298 21421 43429 94572 12780 12191 40886 15162 60377 72526 17411
4246 17
79660 9858 23821 21451 8708 4405 84822 32000 66005 44035 53527 42037 38259 59780 67222 81796 64689
7571 15
47873 86307 14748 78861 84042 77627 14527 25497 46106 50211 20278 94825 35514 92146 98311
3694 11
5169 23734 15275 25839 18790 41072 71694 35134 336 51636 6270
9916 15
75779 19396 95010 88744 1394 89381 80348 58820 1929 93644 92092 22530 77432 86729 96141
2021 17
1843 27794 71286 50373 37252 78156 81421 71534 35269 23418 32198 37960 74288 59167 78468 12950 64069
9423 13
36085 22882 45286 49658 90895 87100 54992 5340 29518 73513 36838 23440 12736
3192 10
48592 87211 76950 97915 93968 80379 30196 36237 2209 96441
964 14
88824 38311 2702 22506 1565 95850 81829 90026 50929 29661 70271 157 71640 15007
6739 10
78605 49017 32314 60521 54695 56487 32677 22177 12013 50698
3218 14
97500 37840 95143 59691 5162 1010 52401 23072 46846 86848 23405 55521 84101 65795
2350 11
44605 18392 73379 70 79745 92186 31049 20453 60978 36697 36280
6470 15
52430 20950 95501 50052 18006 97803 64147 52709 81962 1076 22269 90831 1969 97384 28558
5765 10
68457 4691 88576 21176 54227 37791 89199 15756 6430 86956
9017 12
91709 14022 5712 19329 26768 60619 43329 91072 80430 42812 65630 95557
799 10
74999 89529 61794 75466 3285 92634 36640 13461 37197 74159
7881 11
30489 8436 94115 69356 47235 30549 40758 27882 50018 95013 29647
3029 13
62134 65219 55278 68352 71462 59879 24251 56589 26803 45586 71997 59796 44843
2162 17
93034 31645 49668 54504 17961 42376 81610 63614 31401 84861 54449 34879 81932 66269 35593 33165 44531
5281 12
85487 29553 10224 60825 86086 53940 33046 22276 14677 30916 5775 99717
2354 17
83836 34592 13855 85588 98489 36553 88758 95568 44082 64925 17389 84102 94728 10055 18980 43350 48364
5045 13
81929 91510 69841 96736 19538 74295 15487 47278 22951 8168 5722 16030 59458
9392 13
41583 92031 60152 14097 93839 50804 17618 15826 4218 94867 61886 35946 38506
6134 19
88845 8314 20223 28511 59575 15130 15983 16441 83989 46847 72197 54442 58272 21341 84770 53746 3 93362 17304
7611 10
53390 47914 18521 77532 38709 31248 72767 71784 11570 56217
6006 12
70357 1566 60527 44847 24682 82593 47446 84040 80012 86144 22513 91153
8070 12
2615 39913 66976 81476 14443 56742 59182 93400 96632 45026 28071 52774
5458 9
21729 22777 98 75330 29942 80526 4456 76266 98801
4501 12
42837 61439 6466 94574 86580 13883 41123 29999 47208 33119 95217 86466
814 19
41032 23036 55991 74620 46466 84848 52641 17022 94732 54707 50581 84488 75362 49076 63855 36942 97902 5977 93737
1723 14
78751 34302 40419 60342 93635 73071 78358 8285 12887 87936 33651 33745 95946 70344
877 13
9229 49292 20153 55806 26588 94859 91220 98238 1526 99940 79365 92622 99990
4089 17
56486 23728 81364 18207 33144 73720 92034 41204 10863 73313 80200 28599 44781 51237 17923 90666 8625
7086 15
75494 53624 96257 74887 10124 35275 37745 89110 28057 91905 6844 8190 28469 61024 60001
7401 18
54275 4583 17399 42695 87432 86906 57822 85005 33447 37779 96744 71559 16673 31059 14565 83953 34308 78467
317 8
87192 14071 82751 5507 91989 35908 47106 62775
1774 18
5778 77711 39148 27647 91682 68540 21029 77428 48140 3389 34559 83394 94580 95832 68077 7880 2578 21024
92 9
73669 87154 33545 9131 37274 57354 42710 23932 76538
2268 12
16134 82754 16826 53492 46685 17071 99746 45035 35862 7877 46809 18519
3423 14
76678 33003 62122 39312 39192 82192 48157 27132 58117 26412 25385 4815 75475 84195
6253 16
51545 10342 66108 98355 77863 34810 71436 43797 83025 25956 9713 56995 98882 51496 1822 96307
6957 13
41944 72670 69907 32686 89883 94880 8280 35443 97950 4446 93239 16211 51669
2539 10
21394 67436 13589 90520 3525 363 66248 74772 33479 85807
6185 16
43886 10957 64503 26521 88182 94908 13777 85140 39140 75533 1550 81670 53631 4259 92901 49168
576 12
27135 96841 61498 58222 39389 35371 16664 30843 68442 22253 35571 47697
370 16
94177 63098 12080 99380 66522 48966 18799 21353 32684 68900 96575 29325 46210 72080 60985 32555
4749 15
81797 1428 38677 3103 16155 75299 82221 56596 44007 21535 57605 13811 26268 24773 61905
2950 17
6025 33043 81137 20163 83459 42157 470 56749 63046 2368 40220 8942 7142 45889 60688 85026 51902
6418 14
14997 22844 79744 82879 91998 57577 75744 3708 4176 71901 55251 7124 81382 55802
3342 11
72979 65979 39507 52081 84123 4931 49654 44990 9122 9498 96178
1824 14
18005 15316 72932 65226 8572 30186 63962 46666 33502 22845 59120 24816 93300 60722
2783 16
38236 52842 14714 42792 23568 85089 50528 71281 93047 56288 95945 59093 441 76368 17055 7560
1037 16
91667 36246 59078 46511 43317 11076 89697 59650 38137 17608 67113 97148 90382 23309 61415 86998
7219 16
30095 80035 10232 83244 65577 8046 79025 99905 6933 52610 56374 81402 95844 76261 46688 10771
7296 14
49203 79028 9476 11285 77828 51538 41134 33372 23355 32866 2547 36981 54115 12073
401 18
76985 17057 5896 76566 13170 58449 2236 54414 4749 45239 13769 26745 61483 75380 48257 37875 88244 20960
5426 15
72585 5925 19950 48107 28081 75702 80817 89167 72459 51907 8856 55517 80783 45328 94840
3961 13
56275 16499 76044 63866 11497 737 91102 22304 30526 22892 93394 2633 99374
8613 16
50683 34227 28574 89288 93189 54571 34023 9037 40149 90998 1713 69355 84969 63359 36244 46159
414 18
58203 57632 134 4391 35170 30257 13209 3857 11876 12491 43849 47195 82540 55000 67594 72431 75477 61099
4626 14
40041 93171 5871 59185 72668 43299 61425 5799 55430 31619 76669 47575 12639 27547
6209 15
98836 56753 83615 42256 55237 94080 65669 31357 73196 23915 4664 50002 60849 4689 53650
5513 12
56844 71501 87634 44137 68500 49374 65210 58261 3443 85906 53280 39013
8450 17
48365 65968 28509 74610 52759 25301 24474 12668 42454 60389 44254 28983 48071 14602 46318 96231 40969
7229 16
38439 47866 74080 51104 56069 92067 60416 82779 44285 50216 33772 78364 81355 26951 77985 83214
2816 10
10524 22929 45160 28229 14992 81484 55708 1099 48063 89651
4512 10
45697 46335 93535 27964 85717 65288 27143 97085 86230 30164
4599 13
54768 68414 83101 58642 81131 27238 90817 309 84862 28444 46195 8526 22588
490 11
88188 10519 60348 30696 39605 97000 5411 44257 53040 24207 104
9508 14
24235 75059 85823 14879 67267 98168 11493 97151 40741 5450 7592 92230 12510 78213
5461 18
21446 52004 78676 98529 75345 75103 14409 50257 13949 88485 70664 81599 92474 367 84923 72238 16859 4625
4922 12
96621 49962 83201 62477 81163 80026 25913 93774 55496 18904 93787 60538
1029 10
2582 19794 64097 79024 7468 15258 90196 25966 52505 55391
7985 15
89738 26172 45443 74395 53066 2 70264 92409 13931 87738 55560 16010 33118 56341 80493
9349 12
22034 46782 27110 49333 2672 61627 66258 29017 25475 12036 2822 82705
4544 11
87227 54207 3786 17865 72805 60387 16494 11467 58307 98404 18326
2565 12
67723 13699 31243 98444 90677 53394 60023 92265 98761 1581 45078 77450
3852 14
77060 83839 58777 48069 187 72242 77869 53683 15380 40172 78232 30191 74830 9965
8227 11
98057 27268 37691 37562 34154 15680 37490 60280 23534 88068 27711
5654 16
58774 55252 47669 3479 26060 13720 26456 83268 59164 42559 80070 87670 3565 10907 8560 94010
6109 9
19931 1178 71786 93430 25854 12003 61318 39924 89884
