8
17 11
1400 2339 1101 788 1252 1293 496 970 2489 3253 686
71 10
2997 2999 2849 3004 2695 3022 2566 2995 4960 2781
81 15
1896 43 1448 1200 1360 1258 1007 1680 418 1205 1576 1308 16 1342 3188
32 14
4163 1240 2329 2101 925 2254 2146 1981 2023 911 1990 2506 2348 1989
51 12
42 85 2435 339 4025 450 571 401 385 86 695 474
5 15
3392 2850 3721 3486 3692 2769 4708 3370 3309 3716 2794 3213 3763 2837 3727
86 15
803 944 1523 933 1654 889 142 882 2360 1641 1725 833 1907 1534 919
8 11
1656 1648 1653 2203 1678 2917 1774 1733 1720 1659 1883
