25
798 86
7414 38021 6112 44195 4057 2125 5292 13 38175 3 36217 39041 42970 36444 42501 5311 43637 6645 6012 36524 243 43858 56 6607 44579 43188 42585 4985 43757 213 2681 3998 44038 42893 5499 43820 681 6437 6486 37945 8338 17828 60 45950 38211 6459 4964 200 44230 207 38177 5126 1664 36161 2169 43924 43124 36557 42143 2886 1279 9249 36146 429 38195 42533 5755 4446 38656 522 2773 5674 43074 38164 36887 39012 42496 42914 4138 44315 42884 43700 219 38710 1887 93264
330 86
5808 26954 28521 21288 20240 28769 29100 27618 37910 31736 26872 4597 5073 21185 24217 24281 28727 27728 26724 19563 22088 6828 19137 37647 25648 37882 37704 26736 4540 37206 24825 11548 24287 11359 9381 4149 4327 36482 38926 39062 4811 13812 11874 27822 38874 25403 37630 29751 18862 36517 78214 9102 36634 13778 18408 26103 13800 37473 26777 25101 3241 21021 37694 19560 19302 4439 9553 11578 25739 6283 26211 15252 37671 4151 8412 9165 28542 19623 36720 10488 24240 3647 13421 43546 24748 40530
1194 75
32415 24642 32564 26602 24182 33450 35773 26233 34111 24174 29124 30759 35020 25158 33917 33674 24809 35928 33883 27025 32670 26247 32549 25357 26063 32539 26339 25290 30456 24319 31453 26113 25336 24072 24203 26246 26198 35354 25784 30599 25376 26756 30975 32426 24656 34910 25239 35788 32445 32817 26908 34270 87749 26240 35570 25411 26083 26530 24793 24127 32616 35699 26220 24949 26959 33280 35824 3446 32617 32484 32395 34028 32543 33980 35455
941 94
32956 30882 40893 5734 14081 24832 5904 1245 16153 31358 36350 32301 10111 38178 12554 18455 12464 26431 25265 40704 843 1244 12206 1152 42698 5743 13287 6701 18095 42444 16514 25677 5982 24153 12753 1382 31300 12551 19843 20456 10099 12466 2501 42811 25314 25316 12504 26641 6554 40796 19917 18219 76028 32937 4919 30257 7007 10110 5687 25303 9785 37363 46096 10862 31140 34498 26166 2045 40915 21997 26634 8670 18900 24141 4668 41524 31417 18691 31866 47610 31918 9072 25312 32810 32901 30082 40861 27774 1205 40963 5598 30083 30930 30598
1506 87
42117 38648 24264 44801 2083 34545 32186 45056 14767 32421 37278 41092 24776 30085 30837 38602 30898 37516 31351 36799 47624 47708 94769 45087 45405 36686 27854 27384 6028 37438 31744 28551 30353 25341 37440 45024 25858 24246 31940 32289 42255 27356 12698 27234 46128 38703 36185 30973 37846 27447 47711 45830 27355 12899 42125 31434 30330 42297 38275 31578 36120 38074 36861 28172 45036 37016 45012 14510 38229 14481 24310 24677 27362 47745 8652 42614 31352 27269 47490 29147 6259 32599 2483 31762 36726 42191 27266
1402 73
33465 26564 29 26612 23508 33739 33703 31993 19640 14054 357 8323 32692 31964 2491 834 20173 7946 32145 19845 7568 7674 90641 12105 25637 19653 28303 26740 1218 31707 35356 13741 27949 5176 20781 7528 27092 13835 18560 45893 23152 13259 28224 728 22636 7874 7679 33657 755 14491 8348 8934 25502 8350 26582 21745 1250 23762 18110 8564 25680 29187 8313 33196 25441 8468 22549 29762 25015 8465 27307 15579 25383
575 71
4748 27212 22889 19884 27306 35864 23604 5048 35378 27075 24555 23236 19379 29714 35511 25809 35062 35024 31330 24244 4750 32461 24138 23601 31280 24144 32545 22732 5217 28672 35136 35353 5224 35436 35182 32664 2170 5269 77604 32348 24199 14640 34985 4791 5433 28024 31523 22798 16516 30334 35390 8862 2419 13661 5620 35366 35630 14996 24652 5129 30633 32245 47362 19719 28064 28044 17319 12925 26080 13769 1900
1606 96
7097 19100 4395 7091 33199 7061 32155 30687 16247 43264 42926 5183 91804 16314 42848 36103 23446 27789 32305 7050 10209 22749 31041 6922 17487 34508 23031 25676 36331 27897 3628 17415 36654 6811 37976 35747 20109 44009 30375 23033 7180 42727 15620 30469 7336 15909 42826 7288 6849 18150 6907 7147 22797 23069 6877 31065 7112 37640 38636 16764 18569 6954 6130 37644 22901 30365 36502 7108 24987 31024 18054 16638 33869 33148 6055 38158 17773 7450 6775 40561 16215 18184 43556 36138 43253 8945 42183 42822 16393 29942 33672 20663 25500 36479 30210 32489
221 75
7054 38401 40047 56967 7943 24177 206 11510 40410 6696 23807 46233 12743 19860 19185 23387 1432 6017 24750 5714 39355 5496 24173 5740 42772 24112 46161 20492 19391 6402 46532 28911 23791 45900 12548 27610 24618 11261 23743 16354 23390 24172 30033 28537 24166 28341 19741 43348 24272 24198 6041 15870 18312 27081 23833 47440 23950 2355 27382 23364 19929 3212 17754 6395 19402 6027 13237 35018 123 39633 521 45167 12228 36902 24111
807 82
26572 24672 45 28043 1138 34051 1480 33813 167 31307 20398 30718 6 3235 79977 3133 22725 25649 32390 29442 27514 22075 33322 1013 121 24866 24658 1299 3343 18958 32 31058 24638 25597 24268 27498 25272 21345 29794 32927 30644 22767 24273 4993 27008 27347 3093 25642 34176 3745 22663 33808 22751 30748 3113 27842 22655 3226 33293 461 29875 25359 34058 35246 29917 25016 21108 3248 18674 34334 1182 19530 26179 5284 3205 29750 21371 11558 24770 18850 25841 32292
1121 93
38318 69671 25506 25849 30986 34726 28614 30087 42019 29967 33283 38100 25764 9896 25328 48059 35931 25293 42350 30102 29379 47452 28017 36258 26236 35601 47977 31716 28653 3016 28568 34101 36396 27138 34604 25484 31364 26316 35523 30325 32274 31833 25924 36541 25987 26027 41623 33235 30807 27385 3020 36156 41480 36460 47141 27961 26426 44877 38443 25513 35921 34062 37654 25758 29789 36392 29880 8570 34783 44177 31020 34102 31212 36148 28652 31427 34667 39815 27833 36925 25682 30955 39201 28629 34249 32024 28471 36641 25192 27518 35961 40264 44344
364 68
3911 14974 22408 14788 30853 45637 31279 22273 14776 44044 23487 22426 22312 2896 12168 23395 6674 11083 31100 30320 23206 12087 14630 26090 11988 28721 7896 7853 26942 22660 29331 25093 30338 26605 28861 27302 35210 21985 7754 30527 1434 28935 30980 9988 13679 28082 24212 31501 32659 25525 25544 21862 28893 28579 43344 12463 30925 94965 15061 25693 28872 42819 9476 31455 4307 5532 14100 28615
551 49
15569 261 12639 10669 4982 7380 7076 3162 12742 15439 12685 50 9862 10639 18383 12657 323 12644 12 9755 302 9695 13009 9454 16628 11800 15420 186 2685 12285 18038 12701 15571 12192 12723 4023 7100 12693 26089 15509 3249 611 12735 16433 17847 50349 9484 15557 17509
1349 86
35208 16594 31975 7261 8829 14295 17500 18003 31998 23573 31770 24170 10666 7443 26840 24349 31706 24369 34874 21462 9820 13537 8595 14429 25935 20495 11571 26655 23422 21655 27131 35393 29704 24308 6507 24801 7464 10401 32066 18336 31691 23690 10674 14846 27461 21467 27406 10195 29849 32064 32082 28435 24305 33477 28163 32056 24675 15136 27886 34889 22346 29632 35016 32020 21451 31984 15314 9178 14335 14400 14318 32059 76262 32898 7479 34808 28724 15105 16119 9514 10246 29676 13730 34956 34949 33325
136 89
32527 30416 28226 28237 25370 29568 30963 24679 29330 27827 26883 25340 93427 29527 27835 29530 29581 29422 28133 28012 33697 29574 28188 24126 25474 24702 28485 25919 29553 29378 29373 28472 34767 28050 28107 24681 28156 28179 29426 29354 29469 29550 29488 29497 28441 25386 24678 28219 28463 29343 28556 25567 29570 25851 29397 29540 29489 28427 28276 29482 26360 28131 29352 28109 28027 25358 28419 25901 29339 27143 29454 25861 37935 29604 27397 28129 27871 28549 28246 29565 29585 29329 24455 33006 29701 25951 28225 29383 29443
1885 77
7405 34450 33843 28181 2331 12666 16331 32691 12759 241 44274 24959 1904 22334 15562 331 12448 43430 15539 15174 9398 10437 2823 330 36810 7501 12647 44664 271 31306 27516 21906 37734 42349 44201 36500 23835 20292 33689 11751 18330 35369 34488 9250 24840 11775 12681 23465 21996 18834 42908 11445 37085 29874 44238 72485 43627 23276 334 17030 12555 37126 1979 1890 28789 15816 390 1121 13464 43857 34047 13739 203 34472 8488 36587 44052
904 67
25482 27174 3124 32993 47443 20774 20606 28194 44925 44259 16232 18471 27422 3648 3693 43843 45461 3900 20120 34830 24998 20422 43873 3376 3868 4423 44661 12704 39531 45420 5319 40736 17450 40451 47017 32136 18687 43300 3776 4069 30926 3090 18206 3598 25887 27779 41971 39730 16173 30454 22617 45644 41679 20106 30908 45214 3715 4027 35263 4277 4002 14553 26532 3698 68113 42564 19594
1370 63
24531 24467 24514 25535 32228 43962 37683 38492 24507 37501 36840 32573 31911 30811 36920 55791 31323 32631 24820 43710 25089 43832 45441 24934 43818 44514 30749 30254 36431 45452 24121 24986 24259 43867 24901 32018 24509 28278 35441 46494 31913 37395 40257 24769 24824 47228 32025 38261 30786 30239 38481 45264 26998 24995 24124 37450 24352 44193 24835 37767 30964 37565 33066
1928 70
21825 583 4516 712 16020 3942 3835 11068 10 480 3941 3800 20444 16974 102 5514 84278 17788 17403 21873 21876 529 5275 20689 21394 20311 637 21946 447 4726 3167 41 15769 19881 17488 4715 3767 15255 535 3903 16496 425 5350 18116 345 2762 20521 217 423 3877 1470 21354 20310 3919 4762 17957 16284 27850 3901 17135 5356 17775 15315 4559 21377 15152 12133 15900 448 3856
844 83
44762 43613 20421 37664 18792 25762 41753 45144 41619 19592 46292 27223 905 15480 20378 40680 911 853 32658 26104 24453 3060 20508 30847 18535 39386 44748 38823 10400 28067 27099 13495 39798 1655 2068 31255 33453 17961 1861 38540 20335 955 32630 756 27195 14771 18595 16124 40941 45834 7730 15021 5800 20050 45508 18575 5855 30873 27545 12351 15264 20946 13593 13651 31324 1974 32679 3120 19654 2653 1678 29323 67593 19593 21391 31414 38429 46201 3353 16359 25856 15935 30949
341 83
32835 31461 27576 28325 31480 26514 31270 28068 31561 30839 30232 28464 30221 28436 24786 31478 33056 27993 26140 32728 28398 32919 25259 24508 25671 28272 27669 31262 27552 31258 31458 26696 25145 31163 32574 30785 26799 25714 32754 32372 32618 87252 30594 27564 27544 27843 25728 32500 30834 32674 32740 32741 28484 32399 30752 27898 25253 32672 31067 25207 30354 30569 27028 31466 25264 31033 26930 32529 33048 28059 33040 26023 32525 32668 27753 31471 30561 32767 29807 28320 27976 25263 32953
890 95
1139 15724 44379 33304 38123 45625 38167 33687 10277 10714 15087 32896 8017 6374 7385 17181 2493 39748 11306 8293 4519 38825 32805 47589 37992 47476 16572 11160 7173 23717 8907 33427 14549 46653 16336 2440 145 17445 40185 36352 28474 16470 37862 38124 396 30507 29534 15322 19243 46479 37079 6424 38179 517 38104 1096 27365 32522 21302 36775 28550 7164 22029 45782 9359 34173 32414 10971 46090 39487 18692 16836 33856 63892 20868 6580 36143 15781 33649 16575 37959 37842 43584 16081 30005 33886 2268 38093 10274 16517 31380 47707 14652 59 11819
857 88
32853 37601 5106 21576 32743 18523 27926 20960 9366 19177 37901 18291 10434 10303 28319 30636 39909 8279 18412 19002 40357 37020 19968 40982 46818 32826 8307 32316 8485 32627 22304 19941 8554 8375 4234 9027 44750 8461 22125 8758 42637 30445 38106 42791 20305 35903 19932 33044 29175 89572 21759 19062 37469 831 4089 31514 30234 20583 28042 46264 36357 20460 2771 41530 38188 40242 30058 18655 32336 23618 10389 28912 9040 19548 28212 21793 42735 39906 8630 45954 18753 30224 40014 29950 9508 10363 9054 48010
292 84
28768 34601 37938 32232 34637 34768 42615 46835 42358 42089 32307 34754 28778 41602 41798 25338 34745 24912 42441 43418 41454 24976 42014 37867 31997 94969 29028 25065 42925 28905 29098 42018 29033 33940 28744 37768 42038 42842 42568 35346 28960 46079 32653 31845 25197 40921 41064 34382 37970 32928 34770 42885 24929 32044 28968 42869 42159 25333 39032 46441 43194 44955 33939 31613 45645 29088 41700 33966 42960 34734 29122 37698 45507 46426 37756 34146 33338 43479 28907 30016 45595 34900 42217 33045
1094 7
8019 3366 7805 5410 36272 43804 46575
